set output "bsm.1.ps"
set terminal postscript color
set style data histeps
set key off

 #          39 : dS/deta_l (fb)
set title "dS/deta_l (fb)"
plot "-" 
        -4.90000            0.100000E-19
        -4.70000            0.100000E-19
        -4.50000            0.100000E-19
        -4.30000            0.100000E-19
        -4.10000            0.100000E-19
        -3.90000            0.100000E-19
        -3.70000            0.100000E-19
        -3.50000            0.100000E-19
        -3.30000            0.100000E-19
        -3.10000            0.100000E-19
        -2.90000            0.100000E-19
        -2.70000            0.100000E-19
        -2.50000            0.130396E-01
        -2.30000            0.372793E-01
        -2.10000            0.454538E-01
        -1.90000            0.532323E-01
        -1.70000            0.669436E-01
        -1.50000            0.813621E-01
        -1.30000            0.974014E-01
        -1.10000            0.103800    
       -0.900000            0.126926    
       -0.700000            0.134071    
       -0.500000            0.139189    
       -0.300000            0.151333    
       -0.100000            0.142878    
        0.100000            0.143301    
        0.300000            0.138640    
        0.500000            0.138399    
        0.700000            0.131902    
        0.900000            0.125699    
         1.10000            0.106515    
         1.30000            0.100835    
         1.50000            0.794578E-01
         1.70000            0.690867E-01
         1.90000            0.590791E-01
         2.10000            0.481452E-01
         2.30000            0.354042E-01
         2.50000            0.116725E-01
         2.70000            0.100000E-19
         2.90000            0.100000E-19
         3.10000            0.100000E-19
         3.30000            0.100000E-19
         3.50000            0.100000E-19
         3.70000            0.100000E-19
         3.90000            0.100000E-19
         4.10000            0.100000E-19
         4.30000            0.100000E-19
         4.50000            0.100000E-19
         4.70000            0.100000E-19
         4.90000            0.100000E-19
e

 #          40 : dS/dR_l1l2 (fb)
set title "dS/dR_l1l2 (fb)"
plot "-" 
        0.600000E-01        0.100000E-19
        0.180000            0.100000E-19
        0.300000            0.100000E-19
        0.420000            0.317127E-01
        0.540000            0.728618E-01
        0.660000            0.110156    
        0.780000            0.124389    
        0.900000            0.140612    
         1.02000            0.145447    
         1.14000            0.140553    
         1.26000            0.131216    
         1.38000            0.122735    
         1.50000            0.120426    
         1.62000            0.108459    
         1.74000            0.111555    
         1.86000            0.106396    
         1.98000            0.109955    
         2.10000            0.115674    
         2.22000            0.126532    
         2.34000            0.124472    
         2.46000            0.136202    
         2.58000            0.163158    
         2.70000            0.209318    
         2.82000            0.242671    
         2.94000            0.277347    
         3.06000            0.340220    
         3.18000            0.260757    
         3.30000            0.134189    
         3.42000            0.863822E-01
         3.54000            0.588718E-01
         3.66000            0.390643E-01
         3.78000            0.260149E-01
         3.90000            0.192310E-01
         4.02000            0.129052E-01
         4.14000            0.785733E-02
         4.26000            0.504415E-02
         4.38000            0.247363E-02
         4.50000            0.150145E-02
         4.62000            0.981710E-03
         4.74000            0.755543E-03
         4.86000            0.209401E-03
         4.98000            0.103607E-03
         5.10000            0.100000E-19
         5.22000            0.100000E-19
         5.34000            0.100000E-19
         5.46000            0.100000E-19
         5.58000            0.100000E-19
         5.70000            0.100000E-19
         5.82000            0.100000E-19
         5.94000            0.100000E-19
e

 #          41 : dS/dR_l1l3 (fb)
set title "dS/dR_l1l3 (fb)"
plot "-" 
        0.600000E-01        0.100000E-19
        0.180000            0.100000E-19
        0.300000            0.100000E-19
        0.420000            0.344108E-01
        0.540000            0.612976E-01
        0.660000            0.756561E-01
        0.780000            0.858647E-01
        0.900000            0.902773E-01
         1.02000            0.108951    
         1.14000            0.104732    
         1.26000            0.108556    
         1.38000            0.118751    
         1.50000            0.122565    
         1.62000            0.119740    
         1.74000            0.138695    
         1.86000            0.139380    
         1.98000            0.157376    
         2.10000            0.154124    
         2.22000            0.176879    
         2.34000            0.189754    
         2.46000            0.202452    
         2.58000            0.216031    
         2.70000            0.242435    
         2.82000            0.248715    
         2.94000            0.279213    
         3.06000            0.279662    
         3.18000            0.211100    
         3.30000            0.999033E-01
         3.42000            0.666920E-01
         3.54000            0.386959E-01
         3.66000            0.307928E-01
         3.78000            0.226785E-01
         3.90000            0.140734E-01
         4.02000            0.928757E-02
         4.14000            0.572480E-02
         4.26000            0.449525E-02
         4.38000            0.319516E-02
         4.50000            0.150754E-02
         4.62000            0.800583E-03
         4.74000            0.558404E-03
         4.86000            0.164484E-02
         4.98000            0.101507E-02
         5.10000            0.529599E-03
         5.22000            0.333775E-04
         5.34000            0.165770E-03
         5.46000            0.100000E-19
         5.58000            0.100000E-19
         5.70000            0.100000E-19
         5.82000            0.100000E-19
         5.94000            0.100000E-19
e

 #          42 : dS/dR_l1l4 (fb)
set title "dS/dR_l1l4 (fb)"
plot "-" 
        0.600000E-01        0.100000E-19
        0.180000            0.100000E-19
        0.300000            0.100000E-19
        0.420000            0.352836E-01
        0.540000            0.691281E-01
        0.660000            0.745549E-01
        0.780000            0.830193E-01
        0.900000            0.103680    
         1.02000            0.987212E-01
         1.14000            0.109458    
         1.26000            0.120836    
         1.38000            0.125100    
         1.50000            0.131892    
         1.62000            0.132017    
         1.74000            0.143495    
         1.86000            0.150888    
         1.98000            0.146774    
         2.10000            0.148401    
         2.22000            0.173808    
         2.34000            0.184741    
         2.46000            0.188081    
         2.58000            0.204790    
         2.70000            0.232367    
         2.82000            0.256813    
         2.94000            0.268507    
         3.06000            0.280425    
         3.18000            0.201506    
         3.30000            0.102291    
         3.42000            0.646873E-01
         3.54000            0.459255E-01
         3.66000            0.289123E-01
         3.78000            0.177660E-01
         3.90000            0.154332E-01
         4.02000            0.805498E-02
         4.14000            0.625316E-02
         4.26000            0.423636E-02
         4.38000            0.339707E-02
         4.50000            0.175534E-02
         4.62000            0.223020E-02
         4.74000            0.127949E-02
         4.86000            0.749868E-03
         4.98000            0.717535E-04
         5.10000            0.428545E-03
         5.22000            0.649439E-03
         5.34000            0.158011E-05
         5.46000            0.228180E-07
         5.58000            0.100000E-19
         5.70000            0.100000E-19
         5.82000            0.100000E-19
         5.94000            0.100000E-19
e

 #          43 : dS/dR_l2l3 (fb)
set title "dS/dR_l2l3 (fb)"
plot "-" 
        0.600000E-01        0.100000E-19
        0.180000            0.100000E-19
        0.300000            0.100000E-19
        0.420000            0.349735E-01
        0.540000            0.619613E-01
        0.660000            0.759173E-01
        0.780000            0.785266E-01
        0.900000            0.972060E-01
         1.02000            0.114993    
         1.14000            0.108919    
         1.26000            0.122978    
         1.38000            0.119435    
         1.50000            0.128119    
         1.62000            0.147105    
         1.74000            0.138857    
         1.86000            0.150620    
         1.98000            0.141003    
         2.10000            0.153055    
         2.22000            0.164445    
         2.34000            0.180158    
         2.46000            0.195920    
         2.58000            0.212173    
         2.70000            0.219346    
         2.82000            0.258655    
         2.94000            0.268723    
         3.06000            0.281955    
         3.18000            0.200602    
         3.30000            0.105528    
         3.42000            0.677636E-01
         3.54000            0.454328E-01
         3.66000            0.289837E-01
         3.78000            0.223691E-01
         3.90000            0.130345E-01
         4.02000            0.877282E-02
         4.14000            0.750275E-02
         4.26000            0.497431E-02
         4.38000            0.262895E-02
         4.50000            0.180744E-02
         4.62000            0.222835E-02
         4.74000            0.865633E-03
         4.86000            0.303305E-03
         4.98000            0.276928E-03
         5.10000            0.274851E-03
         5.22000            0.126285E-04
         5.34000            0.834257E-06
         5.46000            0.432676E-05
         5.58000            0.100000E-19
         5.70000            0.146803E-05
         5.82000            0.100000E-19
         5.94000            0.100000E-19
e

 #          44 : dS/dR_l2l4 (fb)
set title "dS/dR_l2l4 (fb)"
plot "-" 
        0.600000E-01        0.100000E-19
        0.180000            0.100000E-19
        0.300000            0.100000E-19
        0.420000            0.335717E-01
        0.540000            0.598496E-01
        0.660000            0.689723E-01
        0.780000            0.852744E-01
        0.900000            0.952707E-01
         1.02000            0.103199    
         1.14000            0.101948    
         1.26000            0.108505    
         1.38000            0.113505    
         1.50000            0.129216    
         1.62000            0.133557    
         1.74000            0.143423    
         1.86000            0.152924    
         1.98000            0.151432    
         2.10000            0.156884    
         2.22000            0.170157    
         2.34000            0.178645    
         2.46000            0.195688    
         2.58000            0.229905    
         2.70000            0.230606    
         2.82000            0.241200    
         2.94000            0.287788    
         3.06000            0.276387    
         3.18000            0.207170    
         3.30000            0.111571    
         3.42000            0.677738E-01
         3.54000            0.412824E-01
         3.66000            0.258981E-01
         3.78000            0.211182E-01
         3.90000            0.112380E-01
         4.02000            0.133093E-01
         4.14000            0.563996E-02
         4.26000            0.438835E-02
         4.38000            0.389446E-02
         4.50000            0.247105E-02
         4.62000            0.153370E-02
         4.74000            0.735764E-03
         4.86000            0.644787E-03
         4.98000            0.676460E-03
         5.10000            0.452732E-03
         5.22000            0.125763E-03
         5.34000            0.554085E-03
         5.46000            0.260018E-04
         5.58000            0.100000E-19
         5.70000            0.100000E-19
         5.82000            0.100000E-19
         5.94000            0.100000E-19
e

 #          45 : dS/dR_l3l4 (fb)
set title "dS/dR_l3l4 (fb)"
plot "-" 
        0.600000E-01        0.100000E-19
        0.180000            0.100000E-19
        0.300000            0.100000E-19
        0.420000            0.284744E-01
        0.540000            0.744529E-01
        0.660000            0.106536    
        0.780000            0.129226    
        0.900000            0.132593    
         1.02000            0.143435    
         1.14000            0.136347    
         1.26000            0.135125    
         1.38000            0.128697    
         1.50000            0.110920    
         1.62000            0.119420    
         1.74000            0.103964    
         1.86000            0.104102    
         1.98000            0.104478    
         2.10000            0.110964    
         2.22000            0.116501    
         2.34000            0.128370    
         2.46000            0.135097    
         2.58000            0.166363    
         2.70000            0.216493    
         2.82000            0.259159    
         2.94000            0.291323    
         3.06000            0.314541    
         3.18000            0.263128    
         3.30000            0.140259    
         3.42000            0.814962E-01
         3.54000            0.643240E-01
         3.66000            0.379602E-01
         3.78000            0.264528E-01
         3.90000            0.218468E-01
         4.02000            0.129151E-01
         4.14000            0.648908E-02
         4.26000            0.740526E-02
         4.38000            0.448621E-02
         4.50000            0.208206E-02
         4.62000            0.201193E-02
         4.74000            0.541148E-03
         4.86000            0.413365E-03
         4.98000            0.171703E-04
         5.10000            0.100000E-19
         5.22000            0.100000E-19
         5.34000            0.100000E-19
         5.46000            0.100000E-19
         5.58000            0.100000E-19
         5.70000            0.100000E-19
         5.82000            0.100000E-19
         5.94000            0.100000E-19
e

 #          46 : dS/r1
set title "dS/r1"
plot "-" 
        0.250000E-01        0.666668    
        0.750000E-01        0.635426    
        0.125000            0.668142    
        0.175000            0.634608    
        0.225000            0.684067    
        0.275000            0.672960    
        0.325000            0.696458    
        0.375000            0.676230    
        0.425000            0.680470    
        0.475000            0.674204    
        0.525000             2.83431    
        0.575000            0.640622E-03
        0.625000            0.938672E-07
        0.675000            0.100000E-19
        0.725000            0.100000E-19
        0.775000            0.100000E-19
        0.825000            0.100000E-19
        0.875000            0.100000E-19
        0.925000            0.100000E-19
        0.975000            0.100000E-19
e

 #          47 : dS/r2
set title "dS/r2"
plot "-" 
        0.250000E-01         4.78450    
        0.750000E-01        0.412463    
        0.125000            0.346066    
        0.175000            0.305259    
        0.225000            0.269222    
        0.275000            0.260667    
        0.325000            0.249470    
        0.375000            0.254795    
        0.425000            0.250219    
        0.475000            0.273505    
        0.525000            0.257958    
        0.575000            0.245057    
        0.625000            0.244922    
        0.675000            0.228264    
        0.725000            0.233709    
        0.775000            0.227126    
        0.825000            0.209748    
        0.875000            0.200605    
        0.925000            0.146788    
        0.975000            0.123849    
e

 #          48 : dS/r3
set title "dS/r3"
plot "-" 
        0.250000E-01         4.71156    
        0.750000E-01        0.438251    
        0.125000            0.347857    
        0.175000            0.323067    
        0.225000            0.285453    
        0.275000            0.276590    
        0.325000            0.261183    
        0.375000            0.265700    
        0.425000            0.255710    
        0.475000            0.242358    
        0.525000            0.246327    
        0.575000            0.244069    
        0.625000            0.224964    
        0.675000            0.227367    
        0.725000            0.235280    
        0.775000            0.225793    
        0.825000            0.214874    
        0.875000            0.210435    
        0.925000            0.166984    
        0.975000            0.120365    
e

 #          49 : dS/r4
set title "dS/r4"
plot "-" 
        0.250000E-01        0.100000E-19
        0.750000E-01        0.327443E-05
        0.125000            0.198167E-03
        0.175000            0.326746E-02
        0.225000            0.427232E-01
        0.275000            0.176613    
        0.325000            0.619603    
        0.375000             1.06531    
        0.425000             1.35372    
        0.475000             1.44242    
        0.525000             1.49227    
        0.575000             1.37434    
        0.625000             1.09526    
        0.675000            0.622233    
        0.725000            0.205674    
        0.775000            0.277139E-01
        0.825000            0.264519E-02
        0.875000            0.192234E-03
        0.925000            0.100000E-19
        0.975000            0.100000E-19
e

 #          91 : dS/dpTl1 (fb)
set title "dS/dpTl1 (fb)"
plot "-" 
         5.00000            0.100000E-19
         15.0000            0.150154E-01
         25.0000            0.711417E-02
         35.0000            0.744951E-02
         45.0000            0.682323E-02
         55.0000            0.216875E-02
         65.0000            0.118410E-02
         75.0000            0.104583E-02
         85.0000            0.904387E-03
         95.0000            0.916752E-03
         105.000            0.759603E-03
         115.000            0.606279E-03
         125.000            0.567655E-03
         135.000            0.477476E-03
         145.000            0.448472E-03
         155.000            0.398951E-03
         165.000            0.293145E-03
         175.000            0.226722E-03
         185.000            0.240091E-03
         195.000            0.154667E-03
         205.000            0.154659E-03
         215.000            0.129517E-03
         225.000            0.894033E-04
         235.000            0.767384E-04
         245.000            0.652801E-04
         255.000            0.406823E-04
         265.000            0.509845E-04
         275.000            0.385149E-04
         285.000            0.326490E-04
         295.000            0.311336E-04
         305.000            0.182528E-04
         315.000            0.246278E-04
         325.000            0.153805E-04
         335.000            0.901694E-05
         345.000            0.133038E-04
         355.000            0.683461E-05
         365.000            0.940511E-05
         375.000            0.290347E-05
         385.000            0.358121E-05
         395.000            0.264730E-05
         405.000            0.184904E-05
         415.000            0.185806E-05
         425.000            0.790652E-06
         435.000            0.110626E-05
         445.000            0.718105E-06
         455.000            0.167227E-05
         465.000            0.380650E-06
         475.000            0.555783E-07
         485.000            0.988958E-06
         495.000            0.211208E-06
e

 #          92 : dS/dpTl2 (fb)
set title "dS/dpTl2 (fb)"
plot "-" 
         5.00000            0.100000E-19
         15.0000            0.150491E-01
         25.0000            0.717692E-02
         35.0000            0.745967E-02
         45.0000            0.672088E-02
         55.0000            0.231220E-02
         65.0000            0.109980E-02
         75.0000            0.100710E-02
         85.0000            0.966647E-03
         95.0000            0.931818E-03
         105.000            0.696085E-03
         115.000            0.628455E-03
         125.000            0.528100E-03
         135.000            0.474433E-03
         145.000            0.425194E-03
         155.000            0.400196E-03
         165.000            0.331859E-03
         175.000            0.241808E-03
         185.000            0.207430E-03
         195.000            0.175599E-03
         205.000            0.122736E-03
         215.000            0.122243E-03
         225.000            0.109598E-03
         235.000            0.839736E-04
         245.000            0.608149E-04
         255.000            0.442113E-04
         265.000            0.401638E-04
         275.000            0.326067E-04
         285.000            0.342557E-04
         295.000            0.237781E-04
         305.000            0.203372E-04
         315.000            0.160689E-04
         325.000            0.131236E-04
         335.000            0.180768E-04
         345.000            0.855438E-05
         355.000            0.950392E-05
         365.000            0.433444E-05
         375.000            0.322818E-05
         385.000            0.185175E-05
         395.000            0.329460E-05
         405.000            0.211968E-05
         415.000            0.170132E-05
         425.000            0.136307E-05
         435.000            0.314596E-06
         445.000            0.540398E-05
         455.000            0.214599E-06
         465.000            0.234855E-05
         475.000            0.107944E-06
         485.000            0.687384E-06
         495.000            0.224958E-07
e

 #          93 : dS/dpTl3 (fb)
set title "dS/dpTl3 (fb)"
plot "-" 
         5.00000            0.100000E-19
         15.0000            0.148371E-01
         25.0000            0.704339E-02
         35.0000            0.754115E-02
         45.0000            0.701298E-02
         55.0000            0.229767E-02
         65.0000            0.107693E-02
         75.0000            0.105604E-02
         85.0000            0.986120E-03
         95.0000            0.831173E-03
         105.000            0.718839E-03
         115.000            0.640107E-03
         125.000            0.584634E-03
         135.000            0.500615E-03
         145.000            0.422709E-03
         155.000            0.329820E-03
         165.000            0.298483E-03
         175.000            0.243438E-03
         185.000            0.190512E-03
         195.000            0.176199E-03
         205.000            0.160033E-03
         215.000            0.111407E-03
         225.000            0.930737E-04
         235.000            0.747537E-04
         245.000            0.854871E-04
         255.000            0.577264E-04
         265.000            0.459095E-04
         275.000            0.349808E-04
         285.000            0.269925E-04
         295.000            0.185141E-04
         305.000            0.221195E-04
         315.000            0.282448E-04
         325.000            0.144884E-04
         335.000            0.122240E-04
         345.000            0.100077E-04
         355.000            0.106051E-04
         365.000            0.633891E-05
         375.000            0.642844E-05
         385.000            0.205722E-05
         395.000            0.216263E-05
         405.000            0.121149E-05
         415.000            0.734578E-06
         425.000            0.696339E-06
         435.000            0.554190E-06
         445.000            0.463227E-05
         455.000            0.237668E-06
         465.000            0.645777E-06
         475.000            0.219401E-06
         485.000            0.189581E-07
         495.000            0.572972E-07
e

 #          94 : dS/dpTl4 (fb)
set title "dS/dpTl4 (fb)"
plot "-" 
         5.00000            0.100000E-19
         15.0000            0.146460E-01
         25.0000            0.719160E-02
         35.0000            0.753453E-02
         45.0000            0.695309E-02
         55.0000            0.218544E-02
         65.0000            0.116699E-02
         75.0000            0.105097E-02
         85.0000            0.986891E-03
         95.0000            0.813922E-03
         105.000            0.755564E-03
         115.000            0.646865E-03
         125.000            0.585823E-03
         135.000            0.549938E-03
         145.000            0.415967E-03
         155.000            0.399186E-03
         165.000            0.276480E-03
         175.000            0.273518E-03
         185.000            0.209742E-03
         195.000            0.178613E-03
         205.000            0.148171E-03
         215.000            0.112973E-03
         225.000            0.947260E-04
         235.000            0.841084E-04
         245.000            0.594734E-04
         255.000            0.450295E-04
         265.000            0.359016E-04
         275.000            0.378040E-04
         285.000            0.342823E-04
         295.000            0.272522E-04
         305.000            0.274778E-04
         315.000            0.158513E-04
         325.000            0.151169E-04
         335.000            0.114373E-04
         345.000            0.103368E-04
         355.000            0.775556E-05
         365.000            0.515264E-05
         375.000            0.893258E-05
         385.000            0.326160E-05
         395.000            0.249192E-05
         405.000            0.165356E-05
         415.000            0.234134E-05
         425.000            0.124155E-05
         435.000            0.109055E-05
         445.000            0.194027E-05
         455.000            0.600553E-06
         465.000            0.575880E-07
         475.000            0.146711E-07
         485.000            0.147517E-05
         495.000            0.242714E-08
e

 #          95 : dS/costh1 (fb)
set title "dS/costh1 (fb)"
plot "-" 
        0.500000E-01        0.731967    
        0.150000            0.711870    
        0.250000            0.661291    
        0.350000            0.588334    
        0.450000            0.529714    
        0.550000            0.456758    
        0.650000            0.382809    
        0.750000            0.303556    
        0.850000            0.234930    
        0.950000            0.160863    
e

 #          96 : dS/costh2 (fb)
set title "dS/costh2 (fb)"
plot "-" 
        0.500000E-01        0.715832    
        0.150000            0.702117    
        0.250000            0.663446    
        0.350000            0.602089    
        0.450000            0.539801    
        0.550000            0.452934    
        0.650000            0.385391    
        0.750000            0.299476    
        0.850000            0.236827    
        0.950000            0.164180    
e

 #          97 : dS/costhstar (fb)
set title "dS/costhstar (fb)"
plot "-" 
        0.500000E-01        0.545510    
        0.150000            0.531484    
        0.250000            0.548937    
        0.350000            0.521519    
        0.450000            0.527408    
        0.550000            0.464158    
        0.650000            0.453565    
        0.750000            0.410195    
        0.850000            0.380925    
        0.950000            0.378392    
e

 #          98 : dS/cosphitilde (fb)
set title "dS/cosphitilde (fb)"
plot "-" 
        0.500000E-01        0.442010    
        0.150000            0.434573    
        0.250000            0.413430    
        0.350000            0.443660    
        0.450000            0.421971    
        0.550000            0.418116    
        0.650000            0.425360    
        0.750000            0.416278    
        0.850000            0.458220    
        0.950000            0.888474    
e

 #          99 : dS/cosphi (fb)
set title "dS/cosphi (fb)"
plot "-" 
        0.500000E-01        0.546105    
        0.150000            0.518722    
        0.250000            0.500110    
        0.350000            0.501837    
        0.450000            0.512122    
        0.550000            0.501659    
        0.650000            0.483625    
        0.750000            0.443801    
        0.850000            0.411289    
        0.950000            0.342823    
e

 #         100 : dS/costhstar2 (fb)
set title "dS/costhstar2 (fb)"
plot "-" 
        0.500000E-01        0.457332    
        0.150000            0.461713    
        0.250000            0.457987    
        0.350000            0.472152    
        0.450000            0.469294    
        0.550000            0.505341    
        0.650000            0.528350    
        0.750000            0.585357    
        0.850000            0.705108    
        0.950000             1.46662    
e

 #         105 : dS/dmZZ (fb/GeV)
set title "dS/dmZZ (fb/GeV)"
plot "-" 
         10.0000            0.100000E-19
         30.0000            0.100000E-19
         50.0000            0.100000E-19
         70.0000            0.100000E-19
         90.0000            0.100000E-19
         110.000            0.100000E-19
         130.000            0.167633E-01
         150.000            0.952745E-05
         170.000            0.244090E-04
         190.000            0.182224E-03
         210.000            0.244427E-03
         230.000            0.265907E-03
         250.000            0.248577E-03
         270.000            0.266153E-03
         290.000            0.262056E-03
         310.000            0.272645E-03
         330.000            0.321763E-03
         350.000            0.348582E-03
         370.000            0.388648E-03
         390.000            0.404871E-03
         410.000            0.414350E-03
         430.000            0.358380E-03
         450.000            0.298598E-03
         470.000            0.263248E-03
         490.000            0.278417E-03
         510.000            0.253323E-03
         530.000            0.214355E-03
         550.000            0.176846E-03
         570.000            0.182776E-03
         590.000            0.154607E-03
         610.000            0.152297E-03
         630.000            0.123756E-03
         650.000            0.116524E-03
         670.000            0.901228E-04
         690.000            0.755273E-04
         710.000            0.103046E-03
         730.000            0.579665E-04
         750.000            0.620875E-04
         770.000            0.434459E-04
         790.000            0.473619E-04
         810.000            0.370901E-04
         830.000            0.412585E-04
         850.000            0.364365E-04
         870.000            0.319502E-04
         890.000            0.278340E-04
         910.000            0.248515E-04
         930.000            0.179116E-04
         950.000            0.182020E-04
         970.000            0.161533E-04
         990.000            0.855379E-05
e

 #         106 : dS/dmTZLm (fb/GeV)
set title "dS/dmTZLm (fb/GeV)"
plot "-" 
         10.0000            0.156253E-02
         30.0000            0.581792E-02
         50.0000            0.199578E-02
         70.0000            0.197745E-02
         90.0000            0.122034E-01
         110.000            0.206740E-03
         130.000            0.270026E-04
         150.000            0.916087E-05
         170.000            0.373080E-05
         190.000            0.157382E-05
         210.000            0.129070E-05
         230.000            0.210625E-05
         250.000            0.109571E-05
         270.000            0.401708E-06
         290.000            0.189255E-06
         310.000            0.780265E-07
         330.000            0.100000E-19
         350.000            0.100000E-19
         370.000            0.211899E-08
         390.000            0.351583E-07
         410.000            0.100000E-19
         430.000            0.161222E-07
         450.000            0.100000E-19
         470.000            0.100000E-19
         490.000            0.100000E-19
         510.000            0.100000E-19
         530.000            0.100000E-19
         550.000            0.100000E-19
         570.000            0.100000E-19
         590.000            0.100000E-19
         610.000            0.100000E-19
         630.000            0.100000E-19
         650.000            0.100000E-19
         670.000            0.100000E-19
         690.000            0.100000E-19
         710.000            0.100000E-19
         730.000            0.100000E-19
         750.000            0.100000E-19
         770.000            0.100000E-19
         790.000            0.100000E-19
         810.000            0.100000E-19
         830.000            0.100000E-19
         850.000            0.100000E-19
         870.000            0.100000E-19
         890.000            0.100000E-19
         910.000            0.100000E-19
         930.000            0.241102E-10
         950.000            0.100000E-19
         970.000            0.100000E-19
         990.000            0.100000E-19
e

 #         107 : dS/dmlll (fb/GeV)
set title "dS/dmlll (fb/GeV)"
plot "-" 
         10.0000            0.152086E-02
         30.0000            0.556186E-02
         50.0000            0.209917E-02
         70.0000            0.192920E-02
         90.0000            0.124417E-01
         110.000            0.201601E-03
         130.000            0.347770E-04
         150.000            0.898975E-05
         170.000            0.528539E-05
         190.000            0.260810E-05
         210.000            0.100074E-05
         230.000            0.414023E-06
         250.000            0.426872E-06
         270.000            0.133954E-05
         290.000            0.322994E-06
         310.000            0.279600E-07
         330.000            0.625939E-07
         350.000            0.457679E-06
         370.000            0.309592E-06
         390.000            0.100000E-19
         410.000            0.100000E-19
         430.000            0.100000E-19
         450.000            0.100000E-19
         470.000            0.100000E-19
         490.000            0.100000E-19
         510.000            0.100000E-19
         530.000            0.100000E-19
         550.000            0.100000E-19
         570.000            0.100000E-19
         590.000            0.100000E-19
         610.000            0.100000E-19
         630.000            0.100000E-19
         650.000            0.100000E-19
         670.000            0.100000E-19
         690.000            0.100000E-19
         710.000            0.100000E-19
         730.000            0.100000E-19
         750.000            0.100000E-19
         770.000            0.100000E-19
         790.000            0.100000E-19
         810.000            0.100000E-19
         830.000            0.100000E-19
         850.000            0.100000E-19
         870.000            0.100000E-19
         890.000            0.100000E-19
         910.000            0.100000E-19
         930.000            0.100000E-19
         950.000            0.100000E-19
         970.000            0.100000E-19
         990.000            0.100000E-19
e

 #          10 : d2S/dcthetastar mzz
set view map
set size 3.9/5.0,3.4/3.0
unset surface
set style data pm3d
set style function pm3d
set pm3d implicit at b
set title "d2S/dcthetastar mzz"
set xlabel "cthetas"
set ylabel "mzz"
set palette rgbformulae 30,31,32 negative
splot "-" 
        0.500000E-01         25.0000             0.00000    
        0.500000E-01         75.0000             0.00000    
        0.500000E-01         125.000             0.00000    
        0.500000E-01         175.000            0.951323E-03
        0.500000E-01         225.000            0.979922E-05
        0.500000E-01         275.000            0.276328E-04
        0.500000E-01         325.000            0.357212E-04
        0.500000E-01         375.000            0.373196E-04
        0.500000E-01         425.000            0.592772E-04
        0.500000E-01         475.000            0.538784E-04
        0.500000E-01         525.000            0.534071E-04
        0.500000E-01         575.000            0.313729E-04
        0.500000E-01         625.000            0.236263E-04
        0.500000E-01         675.000            0.165759E-04
        0.500000E-01         725.000            0.105229E-04
        0.500000E-01         775.000            0.804199E-05
        0.500000E-01         825.000            0.704005E-05
        0.500000E-01         875.000            0.473916E-05
        0.500000E-01         925.000            0.244741E-05
        0.500000E-01         975.000            0.134313E-05
 
        0.150000             25.0000             0.00000    
        0.150000             75.0000             0.00000    
        0.150000             125.000             0.00000    
        0.150000             175.000            0.662202E-02
        0.150000             225.000            0.780455E-04
        0.150000             275.000            0.254828E-03
        0.150000             325.000            0.285775E-03
        0.150000             375.000            0.331388E-03
        0.150000             425.000            0.422980E-03
        0.150000             475.000            0.353422E-03
        0.150000             525.000            0.286999E-03
        0.150000             575.000            0.240914E-03
        0.150000             625.000            0.206571E-03
        0.150000             675.000            0.136052E-03
        0.150000             725.000            0.896762E-04
        0.150000             775.000            0.783716E-04
        0.150000             825.000            0.473967E-04
        0.150000             875.000            0.385408E-04
        0.150000             925.000            0.262934E-04
        0.150000             975.000            0.115163E-04
 
        0.250000             25.0000             0.00000    
        0.250000             75.0000             0.00000    
        0.250000             125.000             0.00000    
        0.250000             175.000            0.745132E-02
        0.250000             225.000            0.105164E-03
        0.250000             275.000            0.286727E-03
        0.250000             325.000            0.322615E-03
        0.250000             375.000            0.370083E-03
        0.250000             425.000            0.459694E-03
        0.250000             475.000            0.432440E-03
        0.250000             525.000            0.308250E-03
        0.250000             575.000            0.253114E-03
        0.250000             625.000            0.208827E-03
        0.250000             675.000            0.147561E-03
        0.250000             725.000            0.116056E-03
        0.250000             775.000            0.121720E-03
        0.250000             825.000            0.510707E-04
        0.250000             875.000            0.420893E-04
        0.250000             925.000            0.235107E-04
        0.250000             975.000            0.198655E-04
 
        0.350000             25.0000             0.00000    
        0.350000             75.0000             0.00000    
        0.350000             125.000             0.00000    
        0.350000             175.000            0.756777E-02
        0.350000             225.000            0.984226E-04
        0.350000             275.000            0.242833E-03
        0.350000             325.000            0.302736E-03
        0.350000             375.000            0.402842E-03
        0.350000             425.000            0.465594E-03
        0.350000             475.000            0.437845E-03
        0.350000             525.000            0.311475E-03
        0.350000             575.000            0.264839E-03
        0.350000             625.000            0.194527E-03
        0.350000             675.000            0.170147E-03
        0.350000             725.000            0.999014E-04
        0.350000             775.000            0.888837E-04
        0.350000             825.000            0.586228E-04
        0.350000             875.000            0.541657E-04
        0.350000             925.000            0.312679E-04
        0.350000             975.000            0.223396E-04
 
        0.450000             25.0000             0.00000    
        0.450000             75.0000             0.00000    
        0.450000             125.000             0.00000    
        0.450000             175.000            0.745089E-02
        0.450000             225.000            0.970169E-04
        0.450000             275.000            0.267071E-03
        0.450000             325.000            0.304531E-03
        0.450000             375.000            0.361394E-03
        0.450000             425.000            0.431918E-03
        0.450000             475.000            0.389630E-03
        0.450000             525.000            0.326876E-03
        0.450000             575.000            0.265418E-03
        0.450000             625.000            0.189160E-03
        0.450000             675.000            0.161915E-03
        0.450000             725.000            0.114726E-03
        0.450000             775.000            0.811371E-04
        0.450000             825.000            0.562839E-04
        0.450000             875.000            0.402863E-04
        0.450000             925.000            0.295658E-04
        0.450000             975.000            0.219339E-04
 
        0.550000             25.0000             0.00000    
        0.550000             75.0000             0.00000    
        0.550000             125.000             0.00000    
        0.550000             175.000            0.717177E-02
        0.550000             225.000            0.974343E-04
        0.550000             275.000            0.278868E-03
        0.550000             325.000            0.269198E-03
        0.550000             375.000            0.308720E-03
        0.550000             425.000            0.404202E-03
        0.550000             475.000            0.432523E-03
        0.550000             525.000            0.329829E-03
        0.550000             575.000            0.268895E-03
        0.550000             625.000            0.185132E-03
        0.550000             675.000            0.160767E-03
        0.550000             725.000            0.125643E-03
        0.550000             775.000            0.652436E-04
        0.550000             825.000            0.427343E-04
        0.550000             875.000            0.383518E-04
        0.550000             925.000            0.482437E-04
        0.550000             975.000            0.293787E-04
 
        0.650000             25.0000             0.00000    
        0.650000             75.0000             0.00000    
        0.650000             125.000             0.00000    
        0.650000             175.000            0.648648E-02
        0.650000             225.000            0.917631E-04
        0.650000             275.000            0.246702E-03
        0.650000             325.000            0.248735E-03
        0.650000             375.000            0.303538E-03
        0.650000             425.000            0.408457E-03
        0.650000             475.000            0.409397E-03
        0.650000             525.000            0.310190E-03
        0.650000             575.000            0.239312E-03
        0.650000             625.000            0.183340E-03
        0.650000             675.000            0.149480E-03
        0.650000             725.000            0.951296E-04
        0.650000             775.000            0.654506E-04
        0.650000             825.000            0.504381E-04
        0.650000             875.000            0.431913E-04
        0.650000             925.000            0.416492E-04
        0.650000             975.000            0.258412E-04
 
        0.750000             25.0000             0.00000    
        0.750000             75.0000             0.00000    
        0.750000             125.000             0.00000    
        0.750000             175.000            0.618543E-02
        0.750000             225.000            0.779226E-04
        0.750000             275.000            0.233223E-03
        0.750000             325.000            0.228531E-03
        0.750000             375.000            0.273090E-03
        0.750000             425.000            0.343098E-03
        0.750000             475.000            0.371442E-03
        0.750000             525.000            0.290483E-03
        0.750000             575.000            0.205767E-03
        0.750000             625.000            0.183702E-03
        0.750000             675.000            0.124308E-03
        0.750000             725.000            0.104727E-03
        0.750000             775.000            0.702795E-04
        0.750000             825.000            0.463980E-04
        0.750000             875.000            0.477147E-04
        0.750000             925.000            0.372598E-04
        0.750000             975.000            0.252978E-04
 
        0.850000             25.0000             0.00000    
        0.850000             75.0000             0.00000    
        0.850000             125.000             0.00000    
        0.850000             175.000            0.581179E-02
        0.850000             225.000            0.844096E-04
        0.850000             275.000            0.247939E-03
        0.850000             325.000            0.238210E-03
        0.850000             375.000            0.238465E-03
        0.850000             425.000            0.311979E-03
        0.850000             475.000            0.295063E-03
        0.850000             525.000            0.224787E-03
        0.850000             575.000            0.191041E-03
        0.850000             625.000            0.167440E-03
        0.850000             675.000            0.110892E-03
        0.850000             725.000            0.970377E-04
        0.850000             775.000            0.606324E-04
        0.850000             825.000            0.469330E-04
        0.850000             875.000            0.379597E-04
        0.850000             925.000            0.335279E-04
        0.850000             975.000            0.240073E-04
 
        0.950000             25.0000             0.00000    
        0.950000             75.0000             0.00000    
        0.950000             125.000             0.00000    
        0.950000             175.000            0.543724E-02
        0.950000             225.000            0.886818E-04
        0.950000             275.000            0.206410E-03
        0.950000             325.000            0.206326E-03
        0.950000             375.000            0.223814E-03
        0.950000             425.000            0.318320E-03
        0.950000             475.000            0.259484E-03
        0.950000             525.000            0.198913E-03
        0.950000             575.000            0.157024E-03
        0.950000             625.000            0.122417E-03
        0.950000             675.000            0.877475E-04
        0.950000             725.000            0.664237E-04
        0.950000             775.000            0.534935E-04
        0.950000             825.000            0.463765E-04
        0.950000             875.000            0.306276E-04
        0.950000             925.000            0.289362E-04
        0.950000             975.000            0.202114E-04
 
e
