set output "bsm.1.ps"
set terminal postscript color
set style data histeps
set key off

 #          39 : dS/deta_l (fb)
set title "dS/deta_l (fb)"
plot "-" 
        -4.90000            0.100000E-19
        -4.70000            0.100000E-19
        -4.50000            0.100000E-19
        -4.30000            0.100000E-19
        -4.10000            0.100000E-19
        -3.90000            0.100000E-19
        -3.70000            0.100000E-19
        -3.50000            0.100000E-19
        -3.30000            0.100000E-19
        -3.10000            0.100000E-19
        -2.90000            0.100000E-19
        -2.70000            0.100000E-19
        -2.50000            0.870789E-02
        -2.30000            0.248981E-01
        -2.10000            0.332451E-01
        -1.90000            0.352431E-01
        -1.70000            0.496854E-01
        -1.50000            0.545289E-01
        -1.30000            0.653359E-01
        -1.10000            0.719708E-01
       -0.900000            0.889591E-01
       -0.700000            0.899019E-01
       -0.500000            0.948168E-01
       -0.300000            0.111625    
       -0.100000            0.950516E-01
        0.100000            0.100046    
        0.300000            0.943497E-01
        0.500000            0.933572E-01
        0.700000            0.880328E-01
        0.900000            0.835378E-01
         1.10000            0.745711E-01
         1.30000            0.675878E-01
         1.50000            0.539576E-01
         1.70000            0.484922E-01
         1.90000            0.375568E-01
         2.10000            0.290412E-01
         2.30000            0.234710E-01
         2.50000            0.750296E-02
         2.70000            0.100000E-19
         2.90000            0.100000E-19
         3.10000            0.100000E-19
         3.30000            0.100000E-19
         3.50000            0.100000E-19
         3.70000            0.100000E-19
         3.90000            0.100000E-19
         4.10000            0.100000E-19
         4.30000            0.100000E-19
         4.50000            0.100000E-19
         4.70000            0.100000E-19
         4.90000            0.100000E-19
e

 #          40 : dS/dR_l1l2 (fb)
set title "dS/dR_l1l2 (fb)"
plot "-" 
        0.600000E-01        0.100000E-19
        0.180000            0.100000E-19
        0.300000            0.100000E-19
        0.420000            0.209022E-01
        0.540000            0.509657E-01
        0.660000            0.761367E-01
        0.780000            0.892321E-01
        0.900000            0.979627E-01
         1.02000            0.104555    
         1.14000            0.967295E-01
         1.26000            0.902640E-01
         1.38000            0.826617E-01
         1.50000            0.782682E-01
         1.62000            0.763257E-01
         1.74000            0.776860E-01
         1.86000            0.673227E-01
         1.98000            0.751640E-01
         2.10000            0.753415E-01
         2.22000            0.875733E-01
         2.34000            0.888426E-01
         2.46000            0.875654E-01
         2.58000            0.109365    
         2.70000            0.133932    
         2.82000            0.165372    
         2.94000            0.195208    
         3.06000            0.243902    
         3.18000            0.175161    
         3.30000            0.928091E-01
         3.42000            0.537380E-01
         3.54000            0.371268E-01
         3.66000            0.268635E-01
         3.78000            0.177108E-01
         3.90000            0.120576E-01
         4.02000            0.864920E-02
         4.14000            0.473210E-02
         4.26000            0.357055E-02
         4.38000            0.158838E-02
         4.50000            0.186161E-02
         4.62000            0.959966E-03
         4.74000            0.763910E-03
         4.86000            0.212082E-03
         4.98000            0.415695E-04
         5.10000            0.100000E-19
         5.22000            0.100000E-19
         5.34000            0.100000E-19
         5.46000            0.100000E-19
         5.58000            0.100000E-19
         5.70000            0.100000E-19
         5.82000            0.100000E-19
         5.94000            0.100000E-19
e

 #          41 : dS/dR_l1l3 (fb)
set title "dS/dR_l1l3 (fb)"
plot "-" 
        0.600000E-01        0.100000E-19
        0.180000            0.100000E-19
        0.300000            0.100000E-19
        0.420000            0.230377E-01
        0.540000            0.395263E-01
        0.660000            0.473151E-01
        0.780000            0.581986E-01
        0.900000            0.583812E-01
         1.02000            0.709931E-01
         1.14000            0.715709E-01
         1.26000            0.709321E-01
         1.38000            0.766135E-01
         1.50000            0.858556E-01
         1.62000            0.801447E-01
         1.74000            0.952933E-01
         1.86000            0.973457E-01
         1.98000            0.990627E-01
         2.10000            0.111138    
         2.22000            0.113126    
         2.34000            0.125600    
         2.46000            0.155620    
         2.58000            0.153880    
         2.70000            0.158464    
         2.82000            0.175688    
         2.94000            0.190266    
         3.06000            0.199868    
         3.18000            0.138229    
         3.30000            0.729907E-01
         3.42000            0.439370E-01
         3.54000            0.286334E-01
         3.66000            0.219525E-01
         3.78000            0.144377E-01
         3.90000            0.114628E-01
         4.02000            0.599147E-02
         4.14000            0.464065E-02
         4.26000            0.319991E-02
         4.38000            0.192692E-02
         4.50000            0.150448E-02
         4.62000            0.652658E-03
         4.74000            0.505306E-03
         4.86000            0.305589E-03
         4.98000            0.430652E-03
         5.10000            0.961934E-04
         5.22000            0.204208E-03
         5.34000            0.443784E-05
         5.46000            0.947518E-04
         5.58000            0.204327E-05
         5.70000            0.100000E-19
         5.82000            0.100000E-19
         5.94000            0.100000E-19
e

 #          42 : dS/dR_l1l4 (fb)
set title "dS/dR_l1l4 (fb)"
plot "-" 
        0.600000E-01        0.100000E-19
        0.180000            0.100000E-19
        0.300000            0.100000E-19
        0.420000            0.210609E-01
        0.540000            0.459334E-01
        0.660000            0.527851E-01
        0.780000            0.617099E-01
        0.900000            0.617434E-01
         1.02000            0.687589E-01
         1.14000            0.761644E-01
         1.26000            0.808074E-01
         1.38000            0.880690E-01
         1.50000            0.104847    
         1.62000            0.900394E-01
         1.74000            0.974772E-01
         1.86000            0.962048E-01
         1.98000            0.101801    
         2.10000            0.108408    
         2.22000            0.107325    
         2.34000            0.122766    
         2.46000            0.127554    
         2.58000            0.142792    
         2.70000            0.160388    
         2.82000            0.173517    
         2.94000            0.181149    
         3.06000            0.187535    
         3.18000            0.141611    
         3.30000            0.688770E-01
         3.42000            0.451981E-01
         3.54000            0.321274E-01
         3.66000            0.183404E-01
         3.78000            0.134224E-01
         3.90000            0.803528E-02
         4.02000            0.716095E-02
         4.14000            0.564425E-02
         4.26000            0.259648E-02
         4.38000            0.299402E-02
         4.50000            0.115518E-02
         4.62000            0.114026E-02
         4.74000            0.588342E-03
         4.86000            0.639998E-03
         4.98000            0.192667E-03
         5.10000            0.496449E-03
         5.22000            0.644998E-04
         5.34000            0.235712E-05
         5.46000            0.100000E-19
         5.58000            0.554868E-06
         5.70000            0.100000E-19
         5.82000            0.100000E-19
         5.94000            0.100000E-19
e

 #          43 : dS/dR_l2l3 (fb)
set title "dS/dR_l2l3 (fb)"
plot "-" 
        0.600000E-01        0.100000E-19
        0.180000            0.100000E-19
        0.300000            0.100000E-19
        0.420000            0.271398E-01
        0.540000            0.376294E-01
        0.660000            0.518217E-01
        0.780000            0.730400E-01
        0.900000            0.655493E-01
         1.02000            0.752000E-01
         1.14000            0.761954E-01
         1.26000            0.790357E-01
         1.38000            0.888629E-01
         1.50000            0.851663E-01
         1.62000            0.955229E-01
         1.74000            0.865841E-01
         1.86000            0.103250    
         1.98000            0.100161    
         2.10000            0.102367    
         2.22000            0.109803    
         2.34000            0.122165    
         2.46000            0.121794    
         2.58000            0.139300    
         2.70000            0.156623    
         2.82000            0.175811    
         2.94000            0.190571    
         3.06000            0.190252    
         3.18000            0.139169    
         3.30000            0.703676E-01
         3.42000            0.483072E-01
         3.54000            0.328479E-01
         3.66000            0.187291E-01
         3.78000            0.150968E-01
         3.90000            0.943561E-02
         4.02000            0.754519E-02
         4.14000            0.467244E-02
         4.26000            0.274148E-02
         4.38000            0.194149E-02
         4.50000            0.218022E-02
         4.62000            0.119177E-02
         4.74000            0.309365E-03
         4.86000            0.378755E-03
         4.98000            0.153992E-03
         5.10000            0.134949E-03
         5.22000            0.584191E-05
         5.34000            0.297207E-05
         5.46000            0.100000E-19
         5.58000            0.100000E-19
         5.70000            0.661872E-04
         5.82000            0.100000E-19
         5.94000            0.100000E-19
e

 #          44 : dS/dR_l2l4 (fb)
set title "dS/dR_l2l4 (fb)"
plot "-" 
        0.600000E-01        0.100000E-19
        0.180000            0.100000E-19
        0.300000            0.100000E-19
        0.420000            0.230226E-01
        0.540000            0.402196E-01
        0.660000            0.474849E-01
        0.780000            0.580505E-01
        0.900000            0.625801E-01
         1.02000            0.643444E-01
         1.14000            0.749161E-01
         1.26000            0.741130E-01
         1.38000            0.724738E-01
         1.50000            0.831095E-01
         1.62000            0.897445E-01
         1.74000            0.934319E-01
         1.86000            0.947591E-01
         1.98000            0.952044E-01
         2.10000            0.130716    
         2.22000            0.112502    
         2.34000            0.118878    
         2.46000            0.141866    
         2.58000            0.151098    
         2.70000            0.160667    
         2.82000            0.171196    
         2.94000            0.189263    
         3.06000            0.196086    
         3.18000            0.140329    
         3.30000            0.812394E-01
         3.42000            0.443630E-01
         3.54000            0.289867E-01
         3.66000            0.201211E-01
         3.78000            0.147992E-01
         3.90000            0.956119E-02
         4.02000            0.725635E-02
         4.14000            0.568068E-02
         4.26000            0.342666E-02
         4.38000            0.208661E-02
         4.50000            0.212637E-02
         4.62000            0.143982E-02
         4.74000            0.466859E-03
         4.86000            0.178229E-03
         4.98000            0.368054E-03
         5.10000            0.518084E-03
         5.22000            0.181318E-03
         5.34000            0.268723E-03
         5.46000            0.100000E-19
         5.58000            0.100000E-19
         5.70000            0.100000E-19
         5.82000            0.100000E-19
         5.94000            0.100000E-19
e

 #          45 : dS/dR_l3l4 (fb)
set title "dS/dR_l3l4 (fb)"
plot "-" 
        0.600000E-01        0.100000E-19
        0.180000            0.100000E-19
        0.300000            0.100000E-19
        0.420000            0.189769E-01
        0.540000            0.522158E-01
        0.660000            0.757629E-01
        0.780000            0.876728E-01
        0.900000            0.944798E-01
         1.02000            0.105712    
         1.14000            0.961607E-01
         1.26000            0.931234E-01
         1.38000            0.861554E-01
         1.50000            0.816758E-01
         1.62000            0.753650E-01
         1.74000            0.724648E-01
         1.86000            0.719248E-01
         1.98000            0.719326E-01
         2.10000            0.755373E-01
         2.22000            0.777318E-01
         2.34000            0.864362E-01
         2.46000            0.113695    
         2.58000            0.113943    
         2.70000            0.137619    
         2.82000            0.163420    
         2.94000            0.195674    
         3.06000            0.217271    
         3.18000            0.173609    
         3.30000            0.900328E-01
         3.42000            0.570295E-01
         3.54000            0.382846E-01
         3.66000            0.259097E-01
         3.78000            0.212176E-01
         3.90000            0.127249E-01
         4.02000            0.857341E-02
         4.14000            0.494796E-02
         4.26000            0.412739E-02
         4.38000            0.381199E-02
         4.50000            0.132397E-02
         4.62000            0.929836E-03
         4.74000            0.119381E-02
         4.86000            0.456300E-03
         4.98000            0.100000E-19
         5.10000            0.100000E-19
         5.22000            0.100000E-19
         5.34000            0.100000E-19
         5.46000            0.100000E-19
         5.58000            0.100000E-19
         5.70000            0.100000E-19
         5.82000            0.100000E-19
         5.94000            0.100000E-19
e

 #          46 : dS/r1
set title "dS/r1"
plot "-" 
        0.250000E-01        0.444026    
        0.750000E-01        0.412018    
        0.125000            0.445952    
        0.175000            0.424532    
        0.225000            0.442469    
        0.275000            0.448163    
        0.325000            0.455581    
        0.375000            0.462214    
        0.425000            0.438745    
        0.475000            0.452509    
        0.525000             2.07515    
        0.575000            0.533709E-03
        0.625000            0.826161E-07
        0.675000            0.100000E-19
        0.725000            0.100000E-19
        0.775000            0.100000E-19
        0.825000            0.100000E-19
        0.875000            0.100000E-19
        0.925000            0.100000E-19
        0.975000            0.100000E-19
e

 #          47 : dS/r2
set title "dS/r2"
plot "-" 
        0.250000E-01         3.14764    
        0.750000E-01        0.288250    
        0.125000            0.232162    
        0.175000            0.212825    
        0.225000            0.188073    
        0.275000            0.180494    
        0.325000            0.177978    
        0.375000            0.225318    
        0.425000            0.175703    
        0.475000            0.183488    
        0.525000            0.176770    
        0.575000            0.176293    
        0.625000            0.173005    
        0.675000            0.163613    
        0.725000            0.166945    
        0.775000            0.155594    
        0.825000            0.141355    
        0.875000            0.135580    
        0.925000            0.108935    
        0.975000            0.918757E-01
e

 #          48 : dS/r3
set title "dS/r3"
plot "-" 
        0.250000E-01         3.19006    
        0.750000E-01        0.299735    
        0.125000            0.231063    
        0.175000            0.215742    
        0.225000            0.192984    
        0.275000            0.182728    
        0.325000            0.180656    
        0.375000            0.185055    
        0.425000            0.179627    
        0.475000            0.172453    
        0.525000            0.166109    
        0.575000            0.165456    
        0.625000            0.158813    
        0.675000            0.166538    
        0.725000            0.158372    
        0.775000            0.156847    
        0.825000            0.140084    
        0.875000            0.145690    
        0.925000            0.123992    
        0.975000            0.898906E-01
e

 #          49 : dS/r4
set title "dS/r4"
plot "-" 
        0.250000E-01        0.100000E-19
        0.750000E-01        0.938844E-06
        0.125000            0.195881E-03
        0.175000            0.142498E-02
        0.225000            0.255125E-01
        0.275000            0.121922    
        0.325000            0.432165    
        0.375000            0.729703    
        0.425000            0.976003    
        0.475000            0.987504    
        0.525000             1.00487    
        0.575000            0.940845    
        0.625000            0.721505    
        0.675000            0.409515    
        0.725000            0.130280    
        0.775000            0.187261E-01
        0.825000            0.165274E-02
        0.875000            0.707835E-04
        0.925000            0.878649E-06
        0.975000            0.100000E-19
e

 #          91 : dS/dpTl1 (fb)
set title "dS/dpTl1 (fb)"
plot "-" 
         5.00000            0.100000E-19
         15.0000            0.988705E-02
         25.0000            0.477965E-02
         35.0000            0.499762E-02
         45.0000            0.490662E-02
         55.0000            0.149054E-02
         65.0000            0.810097E-03
         75.0000            0.740690E-03
         85.0000            0.680615E-03
         95.0000            0.616198E-03
         105.000            0.548844E-03
         115.000            0.505093E-03
         125.000            0.362320E-03
         135.000            0.368865E-03
         145.000            0.295178E-03
         155.000            0.238425E-03
         165.000            0.219495E-03
         175.000            0.177367E-03
         185.000            0.168601E-03
         195.000            0.127225E-03
         205.000            0.111481E-03
         215.000            0.862714E-04
         225.000            0.632333E-04
         235.000            0.596181E-04
         245.000            0.438346E-04
         255.000            0.322754E-04
         265.000            0.247998E-04
         275.000            0.346866E-04
         285.000            0.224537E-04
         295.000            0.225130E-04
         305.000            0.181049E-04
         315.000            0.108457E-04
         325.000            0.132475E-04
         335.000            0.894963E-05
         345.000            0.115581E-04
         355.000            0.401649E-05
         365.000            0.401954E-05
         375.000            0.526081E-05
         385.000            0.282937E-05
         395.000            0.165244E-05
         405.000            0.173480E-05
         415.000            0.942701E-06
         425.000            0.106371E-05
         435.000            0.850250E-06
         445.000            0.285940E-06
         455.000            0.595424E-06
         465.000            0.224399E-06
         475.000            0.212924E-06
         485.000            0.473265E-06
         495.000            0.100762E-06
e

 #          92 : dS/dpTl2 (fb)
set title "dS/dpTl2 (fb)"
plot "-" 
         5.00000            0.100000E-19
         15.0000            0.995128E-02
         25.0000            0.467391E-02
         35.0000            0.524231E-02
         45.0000            0.465412E-02
         55.0000            0.155825E-02
         65.0000            0.817888E-03
         75.0000            0.763432E-03
         85.0000            0.668747E-03
         95.0000            0.600081E-03
         105.000            0.543724E-03
         115.000            0.479437E-03
         125.000            0.383007E-03
         135.000            0.349351E-03
         145.000            0.280255E-03
         155.000            0.289043E-03
         165.000            0.212625E-03
         175.000            0.195311E-03
         185.000            0.165644E-03
         195.000            0.108803E-03
         205.000            0.111287E-03
         215.000            0.932867E-04
         225.000            0.691323E-04
         235.000            0.465753E-04
         245.000            0.477076E-04
         255.000            0.374721E-04
         265.000            0.281342E-04
         275.000            0.185986E-04
         285.000            0.219297E-04
         295.000            0.164441E-04
         305.000            0.138996E-04
         315.000            0.118141E-04
         325.000            0.929949E-05
         335.000            0.724655E-05
         345.000            0.584425E-05
         355.000            0.647807E-05
         365.000            0.602258E-05
         375.000            0.232535E-05
         385.000            0.146817E-05
         395.000            0.231597E-05
         405.000            0.214940E-05
         415.000            0.554612E-05
         425.000            0.825827E-06
         435.000            0.540877E-06
         445.000            0.393142E-06
         455.000            0.192890E-05
         465.000            0.120001E-06
         475.000            0.291325E-05
         485.000            0.338484E-07
         495.000            0.124580E-06
e

 #          93 : dS/dpTl3 (fb)
set title "dS/dpTl3 (fb)"
plot "-" 
         5.00000            0.100000E-19
         15.0000            0.101558E-01
         25.0000            0.470852E-02
         35.0000            0.498458E-02
         45.0000            0.467183E-02
         55.0000            0.159920E-02
         65.0000            0.815270E-03
         75.0000            0.740261E-03
         85.0000            0.663355E-03
         95.0000            0.660349E-03
         105.000            0.517208E-03
         115.000            0.453091E-03
         125.000            0.381220E-03
         135.000            0.359518E-03
         145.000            0.282912E-03
         155.000            0.252017E-03
         165.000            0.200679E-03
         175.000            0.180226E-03
         185.000            0.139239E-03
         195.000            0.137725E-03
         205.000            0.107628E-03
         215.000            0.953026E-04
         225.000            0.699635E-04
         235.000            0.627740E-04
         245.000            0.479439E-04
         255.000            0.360830E-04
         265.000            0.337178E-04
         275.000            0.233263E-04
         285.000            0.213201E-04
         295.000            0.212311E-04
         305.000            0.134871E-04
         315.000            0.141821E-04
         325.000            0.170020E-04
         335.000            0.845317E-05
         345.000            0.635861E-05
         355.000            0.928517E-05
         365.000            0.287942E-05
         375.000            0.380136E-05
         385.000            0.309273E-05
         395.000            0.127014E-05
         405.000            0.594626E-06
         415.000            0.890162E-06
         425.000            0.154679E-05
         435.000            0.555880E-06
         445.000            0.321945E-06
         455.000            0.224332E-05
         465.000            0.236944E-06
         475.000            0.789621E-07
         485.000            0.671273E-06
         495.000            0.245128E-07
e

 #          94 : dS/dpTl4 (fb)
set title "dS/dpTl4 (fb)"
plot "-" 
         5.00000            0.100000E-19
         15.0000            0.101038E-01
         25.0000            0.475040E-02
         35.0000            0.505143E-02
         45.0000            0.464289E-02
         55.0000            0.145730E-02
         65.0000            0.817305E-03
         75.0000            0.752109E-03
         85.0000            0.669184E-03
         95.0000            0.634816E-03
         105.000            0.518304E-03
         115.000            0.478376E-03
         125.000            0.407819E-03
         135.000            0.419340E-03
         145.000            0.305076E-03
         155.000            0.278640E-03
         165.000            0.215937E-03
         175.000            0.176479E-03
         185.000            0.149720E-03
         195.000            0.116235E-03
         205.000            0.117419E-03
         215.000            0.763183E-04
         225.000            0.581756E-04
         235.000            0.451683E-04
         245.000            0.437206E-04
         255.000            0.478743E-04
         265.000            0.287954E-04
         275.000            0.243569E-04
         285.000            0.228983E-04
         295.000            0.178515E-04
         305.000            0.166152E-04
         315.000            0.935969E-05
         325.000            0.117659E-04
         335.000            0.730852E-05
         345.000            0.586272E-05
         355.000            0.514203E-05
         365.000            0.760432E-05
         375.000            0.249781E-05
         385.000            0.249805E-05
         395.000            0.287184E-05
         405.000            0.149271E-05
         415.000            0.179269E-05
         425.000            0.800721E-06
         435.000            0.278002E-05
         445.000            0.164329E-05
         455.000            0.641611E-07
         465.000            0.233698E-07
         475.000            0.548110E-07
         485.000            0.106676E-08
         495.000            0.167976E-06
e

 #          95 : dS/costh1 (fb)
set title "dS/costh1 (fb)"
plot "-" 
        0.500000E-01        0.486485    
        0.150000            0.474133    
        0.250000            0.472698    
        0.350000            0.413792    
        0.450000            0.347150    
        0.550000            0.315056    
        0.650000            0.256222    
        0.750000            0.213198    
        0.850000            0.159879    
        0.950000            0.112333    
e

 #          96 : dS/costh2 (fb)
set title "dS/costh2 (fb)"
plot "-" 
        0.500000E-01        0.498156    
        0.150000            0.457055    
        0.250000            0.451848    
        0.350000            0.408149    
        0.450000            0.384821    
        0.550000            0.307196    
        0.650000            0.262024    
        0.750000            0.200877    
        0.850000            0.163089    
        0.950000            0.117731    
e

 #          97 : dS/costhstar (fb)
set title "dS/costhstar (fb)"
plot "-" 
        0.500000E-01        0.366465    
        0.150000            0.371173    
        0.250000            0.374616    
        0.350000            0.374703    
        0.450000            0.346501    
        0.550000            0.316588    
        0.650000            0.301212    
        0.750000            0.282468    
        0.850000            0.262403    
        0.950000            0.254819    
e

 #          98 : dS/cosphitilde (fb)
set title "dS/cosphitilde (fb)"
plot "-" 
        0.500000E-01        0.302131    
        0.150000            0.279779    
        0.250000            0.291748    
        0.350000            0.287632    
        0.450000            0.290833    
        0.550000            0.311683    
        0.650000            0.288487    
        0.750000            0.288048    
        0.850000            0.323932    
        0.950000            0.586674    
e

 #          99 : dS/cosphi (fb)
set title "dS/cosphi (fb)"
plot "-" 
        0.500000E-01        0.376783    
        0.150000            0.356603    
        0.250000            0.360735    
        0.350000            0.335077    
        0.450000            0.340769    
        0.550000            0.342326    
        0.650000            0.316358    
        0.750000            0.303183    
        0.850000            0.282757    
        0.950000            0.236357    
e

 #         100 : dS/costhstar2 (fb)
set title "dS/costhstar2 (fb)"
plot "-" 
        0.500000E-01        0.335604    
        0.150000            0.325441    
        0.250000            0.303811    
        0.350000            0.314533    
        0.450000            0.326466    
        0.550000            0.333934    
        0.650000            0.348538    
        0.750000            0.382744    
        0.850000            0.485408    
        0.950000             1.01335    
e

 #         105 : dS/dmZZ (fb/GeV)
set title "dS/dmZZ (fb/GeV)"
plot "-" 
         10.0000            0.100000E-19
         30.0000            0.100000E-19
         50.0000            0.100000E-19
         70.0000            0.100000E-19
         90.0000            0.100000E-19
         110.000            0.100000E-19
         130.000            0.112326E-01
         150.000            0.588154E-05
         170.000            0.152142E-04
         190.000            0.123086E-03
         210.000            0.180575E-03
         230.000            0.186505E-03
         250.000            0.178908E-03
         270.000            0.184371E-03
         290.000            0.185001E-03
         310.000            0.195890E-03
         330.000            0.205207E-03
         350.000            0.260373E-03
         370.000            0.281843E-03
         390.000            0.273465E-03
         410.000            0.297442E-03
         430.000            0.260014E-03
         450.000            0.224976E-03
         470.000            0.186869E-03
         490.000            0.191668E-03
         510.000            0.175546E-03
         530.000            0.162474E-03
         550.000            0.136793E-03
         570.000            0.116601E-03
         590.000            0.123159E-03
         610.000            0.103126E-03
         630.000            0.948073E-04
         650.000            0.733533E-04
         670.000            0.736926E-04
         690.000            0.568555E-04
         710.000            0.659124E-04
         730.000            0.488437E-04
         750.000            0.478045E-04
         770.000            0.318462E-04
         790.000            0.325011E-04
         810.000            0.243869E-04
         830.000            0.290679E-04
         850.000            0.263978E-04
         870.000            0.198695E-04
         890.000            0.208820E-04
         910.000            0.190036E-04
         930.000            0.152491E-04
         950.000            0.109407E-04
         970.000            0.111268E-04
         990.000            0.721304E-05
e

 #         106 : dS/dmTZLm (fb/GeV)
set title "dS/dmTZLm (fb/GeV)"
plot "-" 
         10.0000            0.101023E-02
         30.0000            0.383858E-02
         50.0000            0.132113E-02
         70.0000            0.127740E-02
         90.0000            0.861958E-02
         110.000            0.145564E-03
         130.000            0.236283E-04
         150.000            0.837883E-05
         170.000            0.316639E-05
         190.000            0.253230E-05
         210.000            0.820820E-06
         230.000            0.179540E-05
         250.000            0.140843E-05
         270.000            0.256497E-06
         290.000            0.261038E-07
         310.000            0.114384E-06
         330.000            0.100000E-19
         350.000            0.100000E-19
         370.000            0.593686E-09
         390.000            0.100000E-19
         410.000            0.105874E-06
         430.000            0.100000E-19
         450.000            0.224461E-07
         470.000            0.100000E-19
         490.000            0.100000E-19
         510.000            0.100000E-19
         530.000            0.100000E-19
         550.000            0.100000E-19
         570.000            0.100000E-19
         590.000            0.100000E-19
         610.000            0.100000E-19
         630.000            0.100000E-19
         650.000            0.100000E-19
         670.000            0.100000E-19
         690.000            0.100000E-19
         710.000            0.100000E-19
         730.000            0.100000E-19
         750.000            0.100000E-19
         770.000            0.100000E-19
         790.000            0.100000E-19
         810.000            0.100000E-19
         830.000            0.100000E-19
         850.000            0.100000E-19
         870.000            0.100000E-19
         890.000            0.100000E-19
         910.000            0.100000E-19
         930.000            0.573372E-10
         950.000            0.100000E-19
         970.000            0.100000E-19
         990.000            0.100000E-19
e

 #         107 : dS/dmlll (fb/GeV)
set title "dS/dmlll (fb/GeV)"
plot "-" 
         10.0000            0.103759E-02
         30.0000            0.384414E-02
         50.0000            0.135465E-02
         70.0000            0.127160E-02
         90.0000            0.855453E-02
         110.000            0.151092E-03
         130.000            0.240727E-04
         150.000            0.620211E-05
         170.000            0.464991E-05
         190.000            0.215846E-05
         210.000            0.734820E-06
         230.000            0.473989E-06
         250.000            0.128994E-06
         270.000            0.978249E-06
         290.000            0.270082E-06
         310.000            0.100000E-19
         330.000            0.948642E-07
         350.000            0.781125E-06
         370.000            0.593619E-06
         390.000            0.100000E-19
         410.000            0.100000E-19
         430.000            0.100000E-19
         450.000            0.100000E-19
         470.000            0.100000E-19
         490.000            0.100000E-19
         510.000            0.100000E-19
         530.000            0.100000E-19
         550.000            0.100000E-19
         570.000            0.100000E-19
         590.000            0.100000E-19
         610.000            0.100000E-19
         630.000            0.100000E-19
         650.000            0.100000E-19
         670.000            0.100000E-19
         690.000            0.100000E-19
         710.000            0.100000E-19
         730.000            0.100000E-19
         750.000            0.100000E-19
         770.000            0.100000E-19
         790.000            0.100000E-19
         810.000            0.100000E-19
         830.000            0.100000E-19
         850.000            0.100000E-19
         870.000            0.100000E-19
         890.000            0.100000E-19
         910.000            0.100000E-19
         930.000            0.100000E-19
         950.000            0.100000E-19
         970.000            0.100000E-19
         990.000            0.100000E-19
e

 #          10 : d2S/dcthetastar mzz
set view map
set size 3.9/5.0,3.4/3.0
unset surface
set style data pm3d
set style function pm3d
set pm3d implicit at b
set title "d2S/dcthetastar mzz"
set xlabel "cthetas"
set ylabel "mzz"
set palette rgbformulae 30,31,32 negative
splot "-" 
        0.500000E-01         25.0000             0.00000    
        0.500000E-01         75.0000             0.00000    
        0.500000E-01         125.000             0.00000    
        0.500000E-01         175.000            0.588640E-03
        0.500000E-01         225.000            0.641580E-05
        0.500000E-01         275.000            0.207978E-04
        0.500000E-01         325.000            0.244436E-04
        0.500000E-01         375.000            0.272401E-04
        0.500000E-01         425.000            0.445382E-04
        0.500000E-01         475.000            0.293498E-04
        0.500000E-01         525.000            0.178838E-04
        0.500000E-01         575.000            0.231656E-04
        0.500000E-01         625.000            0.248448E-04
        0.500000E-01         675.000            0.149196E-04
        0.500000E-01         725.000            0.774729E-05
        0.500000E-01         775.000            0.406510E-05
        0.500000E-01         825.000            0.424862E-05
        0.500000E-01         875.000            0.258741E-05
        0.500000E-01         925.000            0.243016E-05
        0.500000E-01         975.000            0.106829E-05
 
        0.150000             25.0000             0.00000    
        0.150000             75.0000             0.00000    
        0.150000             125.000             0.00000    
        0.150000             175.000            0.441491E-02
        0.150000             225.000            0.469456E-04
        0.150000             275.000            0.158276E-03
        0.150000             325.000            0.196619E-03
        0.150000             375.000            0.221916E-03
        0.150000             425.000            0.319043E-03
        0.150000             475.000            0.264231E-03
        0.150000             525.000            0.211555E-03
        0.150000             575.000            0.177940E-03
        0.150000             625.000            0.131697E-03
        0.150000             675.000            0.100427E-03
        0.150000             725.000            0.561936E-04
        0.150000             775.000            0.526377E-04
        0.150000             825.000            0.347660E-04
        0.150000             875.000            0.285352E-04
        0.150000             925.000            0.169144E-04
        0.150000             975.000            0.819796E-05
 
        0.250000             25.0000             0.00000    
        0.250000             75.0000             0.00000    
        0.250000             125.000             0.00000    
        0.250000             175.000            0.509114E-02
        0.250000             225.000            0.595717E-04
        0.250000             275.000            0.199293E-03
        0.250000             325.000            0.222332E-03
        0.250000             375.000            0.260597E-03
        0.250000             425.000            0.340706E-03
        0.250000             475.000            0.316009E-03
        0.250000             525.000            0.245162E-03
        0.250000             575.000            0.180594E-03
        0.250000             625.000            0.163495E-03
        0.250000             675.000            0.119252E-03
        0.250000             725.000            0.768517E-04
        0.250000             775.000            0.820112E-04
        0.250000             825.000            0.410298E-04
        0.250000             875.000            0.319315E-04
        0.250000             925.000            0.185736E-04
        0.250000             975.000            0.133764E-04
 
        0.350000             25.0000             0.00000    
        0.350000             75.0000             0.00000    
        0.350000             125.000             0.00000    
        0.350000             175.000            0.506643E-02
        0.350000             225.000            0.698105E-04
        0.350000             275.000            0.182252E-03
        0.350000             325.000            0.194469E-03
        0.350000             375.000            0.296853E-03
        0.350000             425.000            0.370848E-03
        0.350000             475.000            0.330324E-03
        0.350000             525.000            0.226955E-03
        0.350000             575.000            0.182339E-03
        0.350000             625.000            0.136489E-03
        0.350000             675.000            0.114041E-03
        0.350000             725.000            0.773158E-04
        0.350000             775.000            0.784856E-04
        0.350000             825.000            0.418369E-04
        0.350000             875.000            0.319426E-04
        0.350000             925.000            0.202411E-04
        0.350000             975.000            0.141430E-04
 
        0.450000             25.0000             0.00000    
        0.450000             75.0000             0.00000    
        0.450000             125.000             0.00000    
        0.450000             175.000            0.522376E-02
        0.450000             225.000            0.683287E-04
        0.450000             275.000            0.181763E-03
        0.450000             325.000            0.203262E-03
        0.450000             375.000            0.233580E-03
        0.450000             425.000            0.269135E-03
        0.450000             475.000            0.290392E-03
        0.450000             525.000            0.225357E-03
        0.450000             575.000            0.208183E-03
        0.450000             625.000            0.139689E-03
        0.450000             675.000            0.106643E-03
        0.450000             725.000            0.779870E-04
        0.450000             775.000            0.584541E-04
        0.450000             825.000            0.441888E-04
        0.450000             875.000            0.288055E-04
        0.450000             925.000            0.213248E-04
        0.450000             975.000            0.149901E-04
 
        0.550000             25.0000             0.00000    
        0.550000             75.0000             0.00000    
        0.550000             125.000             0.00000    
        0.550000             175.000            0.476157E-02
        0.550000             225.000            0.661712E-04
        0.550000             275.000            0.200420E-03
        0.550000             325.000            0.192374E-03
        0.550000             375.000            0.220426E-03
        0.550000             425.000            0.299337E-03
        0.550000             475.000            0.269284E-03
        0.550000             525.000            0.222616E-03
        0.550000             575.000            0.206899E-03
        0.550000             625.000            0.129568E-03
        0.550000             675.000            0.107551E-03
        0.550000             725.000            0.916168E-04
        0.550000             775.000            0.470379E-04
        0.550000             825.000            0.290859E-04
        0.550000             875.000            0.222009E-04
        0.550000             925.000            0.347026E-04
        0.550000             975.000            0.240585E-04
 
        0.650000             25.0000             0.00000    
        0.650000             75.0000             0.00000    
        0.650000             125.000             0.00000    
        0.650000             175.000            0.425453E-02
        0.650000             225.000            0.620223E-04
        0.650000             275.000            0.178706E-03
        0.650000             325.000            0.193095E-03
        0.650000             375.000            0.215770E-03
        0.650000             425.000            0.281388E-03
        0.650000             475.000            0.289849E-03
        0.650000             525.000            0.230444E-03
        0.650000             575.000            0.169685E-03
        0.650000             625.000            0.123874E-03
        0.650000             675.000            0.114447E-03
        0.650000             725.000            0.713374E-04
        0.650000             775.000            0.507947E-04
        0.650000             825.000            0.330774E-04
        0.650000             875.000            0.303682E-04
        0.650000             925.000            0.269914E-04
        0.650000             975.000            0.214662E-04
 
        0.750000             25.0000             0.00000    
        0.750000             75.0000             0.00000    
        0.750000             125.000             0.00000    
        0.750000             175.000            0.405363E-02
        0.750000             225.000            0.625836E-04
        0.750000             275.000            0.190234E-03
        0.750000             325.000            0.168298E-03
        0.750000             375.000            0.178796E-03
        0.750000             425.000            0.250997E-03
        0.750000             475.000            0.251016E-03
        0.750000             525.000            0.194997E-03
        0.750000             575.000            0.155198E-03
        0.750000             625.000            0.133532E-03
        0.750000             675.000            0.931141E-04
        0.750000             725.000            0.690631E-04
        0.750000             775.000            0.542010E-04
        0.750000             825.000            0.339842E-04
        0.750000             875.000            0.323715E-04
        0.750000             925.000            0.251806E-04
        0.750000             975.000            0.190354E-04
 
        0.850000             25.0000             0.00000    
        0.850000             75.0000             0.00000    
        0.850000             125.000             0.00000    
        0.850000             175.000            0.380409E-02
        0.850000             225.000            0.608814E-04
        0.850000             275.000            0.161828E-03
        0.850000             325.000            0.182393E-03
        0.850000             375.000            0.162829E-03
        0.850000             425.000            0.230199E-03
        0.850000             475.000            0.217910E-03
        0.850000             525.000            0.163271E-03
        0.850000             575.000            0.134996E-03
        0.850000             625.000            0.118281E-03
        0.850000             675.000            0.832880E-04
        0.850000             725.000            0.705760E-04
        0.850000             775.000            0.455715E-04
        0.850000             825.000            0.357825E-04
        0.850000             875.000            0.252226E-04
        0.850000             925.000            0.228462E-04
        0.850000             975.000            0.191963E-04
 
        0.950000             25.0000             0.00000    
        0.950000             75.0000             0.00000    
        0.950000             125.000             0.00000    
        0.950000             175.000            0.369291E-02
        0.950000             225.000            0.636570E-04
        0.950000             275.000            0.154990E-03
        0.950000             325.000            0.143200E-03
        0.950000             375.000            0.158950E-03
        0.950000             425.000            0.220543E-03
        0.950000             475.000            0.201064E-03
        0.950000             525.000            0.131404E-03
        0.950000             575.000            0.113699E-03
        0.950000             625.000            0.814890E-04
        0.950000             675.000            0.627753E-04
        0.950000             725.000            0.490985E-04
        0.950000             775.000            0.439815E-04
        0.950000             825.000            0.347132E-04
        0.950000             875.000            0.221905E-04
        0.950000             925.000            0.193953E-04
        0.950000             975.000            0.158411E-04
 
e
