set output "bsm.1.ps"
set terminal postscript color
set style data histeps
set key off

 #          39 : dS/deta_l (fb)
set title "dS/deta_l (fb)"
plot "-" 
        -4.90000            0.100000E-19
        -4.70000            0.100000E-19
        -4.50000            0.100000E-19
        -4.30000            0.100000E-19
        -4.10000            0.100000E-19
        -3.90000            0.100000E-19
        -3.70000            0.100000E-19
        -3.50000            0.100000E-19
        -3.30000            0.100000E-19
        -3.10000            0.100000E-19
        -2.90000            0.100000E-19
        -2.70000            0.100000E-19
        -2.50000            0.503291E-02
        -2.30000            0.141863E-01
        -2.10000            0.181849E-01
        -1.90000            0.203849E-01
        -1.70000            0.263463E-01
        -1.50000            0.301111E-01
        -1.30000            0.378015E-01
        -1.10000            0.407940E-01
       -0.900000            0.477542E-01
       -0.700000            0.512845E-01
       -0.500000            0.531762E-01
       -0.300000            0.562632E-01
       -0.100000            0.548016E-01
        0.100000            0.557792E-01
        0.300000            0.529821E-01
        0.500000            0.541445E-01
        0.700000            0.495945E-01
        0.900000            0.477251E-01
         1.10000            0.410539E-01
         1.30000            0.395589E-01
         1.50000            0.289041E-01
         1.70000            0.280398E-01
         1.90000            0.234426E-01
         2.10000            0.170915E-01
         2.30000            0.125983E-01
         2.50000            0.410882E-02
         2.70000            0.100000E-19
         2.90000            0.100000E-19
         3.10000            0.100000E-19
         3.30000            0.100000E-19
         3.50000            0.100000E-19
         3.70000            0.100000E-19
         3.90000            0.100000E-19
         4.10000            0.100000E-19
         4.30000            0.100000E-19
         4.50000            0.100000E-19
         4.70000            0.100000E-19
         4.90000            0.100000E-19
e

 #          40 : dS/dR_l1l2 (fb)
set title "dS/dR_l1l2 (fb)"
plot "-" 
        0.600000E-01        0.100000E-19
        0.180000            0.100000E-19
        0.300000            0.100000E-19
        0.420000            0.126609E-01
        0.540000            0.284930E-01
        0.660000            0.423681E-01
        0.780000            0.487392E-01
        0.900000            0.531271E-01
         1.02000            0.563759E-01
         1.14000            0.562073E-01
         1.26000            0.509989E-01
         1.38000            0.478208E-01
         1.50000            0.461614E-01
         1.62000            0.413688E-01
         1.74000            0.427305E-01
         1.86000            0.419887E-01
         1.98000            0.411476E-01
         2.10000            0.439814E-01
         2.22000            0.471910E-01
         2.34000            0.497829E-01
         2.46000            0.521969E-01
         2.58000            0.617941E-01
         2.70000            0.825917E-01
         2.82000            0.922394E-01
         2.94000            0.105306    
         3.06000            0.128286    
         3.18000            0.979759E-01
         3.30000            0.488426E-01
         3.42000            0.323147E-01
         3.54000            0.217154E-01
         3.66000            0.149971E-01
         3.78000            0.101225E-01
         3.90000            0.645541E-02
         4.02000            0.527125E-02
         4.14000            0.264324E-02
         4.26000            0.211533E-02
         4.38000            0.771017E-03
         4.50000            0.827297E-03
         4.62000            0.528592E-03
         4.74000            0.283478E-03
         4.86000            0.129330E-03
         4.98000            0.247434E-04
         5.10000            0.100000E-19
         5.22000            0.100000E-19
         5.34000            0.100000E-19
         5.46000            0.100000E-19
         5.58000            0.100000E-19
         5.70000            0.100000E-19
         5.82000            0.100000E-19
         5.94000            0.100000E-19
e

 #          41 : dS/dR_l1l3 (fb)
set title "dS/dR_l1l3 (fb)"
plot "-" 
        0.600000E-01        0.100000E-19
        0.180000            0.100000E-19
        0.300000            0.100000E-19
        0.420000            0.133614E-01
        0.540000            0.238941E-01
        0.660000            0.270285E-01
        0.780000            0.327675E-01
        0.900000            0.339137E-01
         1.02000            0.404753E-01
         1.14000            0.393436E-01
         1.26000            0.400134E-01
         1.38000            0.451238E-01
         1.50000            0.463094E-01
         1.62000            0.455120E-01
         1.74000            0.533439E-01
         1.86000            0.535628E-01
         1.98000            0.591336E-01
         2.10000            0.602911E-01
         2.22000            0.671947E-01
         2.34000            0.719655E-01
         2.46000            0.779031E-01
         2.58000            0.858665E-01
         2.70000            0.915039E-01
         2.82000            0.936051E-01
         2.94000            0.108073    
         3.06000            0.111301    
         3.18000            0.809846E-01
         3.30000            0.379147E-01
         3.42000            0.254811E-01
         3.54000            0.147562E-01
         3.66000            0.123384E-01
         3.78000            0.868766E-02
         3.90000            0.588068E-02
         4.02000            0.361919E-02
         4.14000            0.214072E-02
         4.26000            0.133164E-02
         4.38000            0.157494E-02
         4.50000            0.543383E-03
         4.62000            0.304751E-03
         4.74000            0.347104E-03
         4.86000            0.500794E-03
         4.98000            0.429463E-03
         5.10000            0.747108E-04
         5.22000            0.103560E-03
         5.34000            0.572703E-05
         5.46000            0.685169E-04
         5.58000            0.614610E-06
         5.70000            0.100000E-19
         5.82000            0.100000E-19
         5.94000            0.100000E-19
e

 #          42 : dS/dR_l1l4 (fb)
set title "dS/dR_l1l4 (fb)"
plot "-" 
        0.600000E-01        0.100000E-19
        0.180000            0.100000E-19
        0.300000            0.100000E-19
        0.420000            0.137330E-01
        0.540000            0.266921E-01
        0.660000            0.294750E-01
        0.780000            0.318782E-01
        0.900000            0.360837E-01
         1.02000            0.416208E-01
         1.14000            0.415820E-01
         1.26000            0.458878E-01
         1.38000            0.488960E-01
         1.50000            0.477992E-01
         1.62000            0.507573E-01
         1.74000            0.544805E-01
         1.86000            0.569620E-01
         1.98000            0.561247E-01
         2.10000            0.576089E-01
         2.22000            0.664045E-01
         2.34000            0.699806E-01
         2.46000            0.724333E-01
         2.58000            0.790999E-01
         2.70000            0.909959E-01
         2.82000            0.981405E-01
         2.94000            0.100195    
         3.06000            0.106745    
         3.18000            0.773814E-01
         3.30000            0.387339E-01
         3.42000            0.262784E-01
         3.54000            0.176611E-01
         3.66000            0.106477E-01
         3.78000            0.686871E-02
         3.90000            0.591124E-02
         4.02000            0.345927E-02
         4.14000            0.237642E-02
         4.26000            0.200343E-02
         4.38000            0.119405E-02
         4.50000            0.572867E-03
         4.62000            0.762742E-03
         4.74000            0.517512E-03
         4.86000            0.238660E-03
         4.98000            0.196244E-04
         5.10000            0.785118E-04
         5.22000            0.292721E-03
         5.34000            0.555333E-06
         5.46000            0.688672E-08
         5.58000            0.100000E-19
         5.70000            0.100000E-19
         5.82000            0.100000E-19
         5.94000            0.100000E-19
e

 #          43 : dS/dR_l2l3 (fb)
set title "dS/dR_l2l3 (fb)"
plot "-" 
        0.600000E-01        0.100000E-19
        0.180000            0.100000E-19
        0.300000            0.100000E-19
        0.420000            0.134304E-01
        0.540000            0.235135E-01
        0.660000            0.274818E-01
        0.780000            0.294264E-01
        0.900000            0.383371E-01
         1.02000            0.455860E-01
         1.14000            0.427421E-01
         1.26000            0.479078E-01
         1.38000            0.457984E-01
         1.50000            0.494620E-01
         1.62000            0.539568E-01
         1.74000            0.505009E-01
         1.86000            0.562988E-01
         1.98000            0.566305E-01
         2.10000            0.576221E-01
         2.22000            0.638379E-01
         2.34000            0.688761E-01
         2.46000            0.736885E-01
         2.58000            0.794619E-01
         2.70000            0.855338E-01
         2.82000            0.973754E-01
         2.94000            0.103433    
         3.06000            0.108345    
         3.18000            0.790483E-01
         3.30000            0.394526E-01
         3.42000            0.269156E-01
         3.54000            0.178013E-01
         3.66000            0.110502E-01
         3.78000            0.811108E-02
         3.90000            0.537637E-02
         4.02000            0.339020E-02
         4.14000            0.275883E-02
         4.26000            0.214130E-02
         4.38000            0.720946E-03
         4.50000            0.123484E-02
         4.62000            0.726637E-03
         4.74000            0.247321E-03
         4.86000            0.124787E-03
         4.98000            0.638782E-04
         5.10000            0.152407E-03
         5.22000            0.983212E-05
         5.34000            0.423021E-06
         5.46000            0.145717E-05
         5.58000            0.100000E-19
         5.70000            0.664899E-06
         5.82000            0.100000E-19
         5.94000            0.100000E-19
e

 #          44 : dS/dR_l2l4 (fb)
set title "dS/dR_l2l4 (fb)"
plot "-" 
        0.600000E-01        0.100000E-19
        0.180000            0.100000E-19
        0.300000            0.100000E-19
        0.420000            0.133605E-01
        0.540000            0.233016E-01
        0.660000            0.267662E-01
        0.780000            0.290900E-01
        0.900000            0.378463E-01
         1.02000            0.386509E-01
         1.14000            0.378289E-01
         1.26000            0.421941E-01
         1.38000            0.439410E-01
         1.50000            0.475751E-01
         1.62000            0.521039E-01
         1.74000            0.509291E-01
         1.86000            0.587834E-01
         1.98000            0.578827E-01
         2.10000            0.595896E-01
         2.22000            0.627400E-01
         2.34000            0.686993E-01
         2.46000            0.769656E-01
         2.58000            0.899676E-01
         2.70000            0.872124E-01
         2.82000            0.917865E-01
         2.94000            0.108961    
         3.06000            0.109418    
         3.18000            0.801757E-01
         3.30000            0.445392E-01
         3.42000            0.273232E-01
         3.54000            0.161443E-01
         3.66000            0.973151E-02
         3.78000            0.785231E-02
         3.90000            0.437646E-02
         4.02000            0.471611E-02
         4.14000            0.240244E-02
         4.26000            0.155396E-02
         4.38000            0.141410E-02
         4.50000            0.101359E-02
         4.62000            0.607889E-03
         4.74000            0.160136E-03
         4.86000            0.203173E-03
         4.98000            0.156793E-03
         5.10000            0.198316E-03
         5.22000            0.145323E-03
         5.34000            0.248839E-03
         5.46000            0.952746E-05
         5.58000            0.817313E-05
         5.70000            0.531735E-08
         5.82000            0.100000E-19
         5.94000            0.100000E-19
e

 #          45 : dS/dR_l3l4 (fb)
set title "dS/dR_l3l4 (fb)"
plot "-" 
        0.600000E-01        0.100000E-19
        0.180000            0.100000E-19
        0.300000            0.100000E-19
        0.420000            0.116020E-01
        0.540000            0.281305E-01
        0.660000            0.422211E-01
        0.780000            0.486142E-01
        0.900000            0.510044E-01
         1.02000            0.559053E-01
         1.14000            0.539604E-01
         1.26000            0.513645E-01
         1.38000            0.474991E-01
         1.50000            0.442197E-01
         1.62000            0.450537E-01
         1.74000            0.394325E-01
         1.86000            0.395979E-01
         1.98000            0.426846E-01
         2.10000            0.422898E-01
         2.22000            0.458339E-01
         2.34000            0.483683E-01
         2.46000            0.498702E-01
         2.58000            0.617989E-01
         2.70000            0.825065E-01
         2.82000            0.985014E-01
         2.94000            0.110925    
         3.06000            0.119808    
         3.18000            0.977463E-01
         3.30000            0.566149E-01
         3.42000            0.300000E-01
         3.54000            0.232611E-01
         3.66000            0.167644E-01
         3.78000            0.108240E-01
         3.90000            0.852572E-02
         4.02000            0.522166E-02
         4.14000            0.215291E-02
         4.26000            0.214136E-02
         4.38000            0.192397E-02
         4.50000            0.105704E-02
         4.62000            0.763239E-03
         4.74000            0.190244E-03
         4.86000            0.447630E-04
         4.98000            0.134557E-03
         5.10000            0.167539E-04
         5.22000            0.100000E-19
         5.34000            0.100000E-19
         5.46000            0.100000E-19
         5.58000            0.100000E-19
         5.70000            0.100000E-19
         5.82000            0.100000E-19
         5.94000            0.100000E-19
e

 #          46 : dS/r1
set title "dS/r1"
plot "-" 
        0.250000E-01        0.252253    
        0.750000E-01        0.236698    
        0.125000            0.258180    
        0.175000            0.239483    
        0.225000            0.260100    
        0.275000            0.257643    
        0.325000            0.260254    
        0.375000            0.254488    
        0.425000            0.260779    
        0.475000            0.255432    
        0.525000             1.10904    
        0.575000            0.230736E-03
        0.625000            0.574019E-07
        0.675000            0.127616E-07
        0.725000            0.100000E-19
        0.775000            0.100000E-19
        0.825000            0.100000E-19
        0.875000            0.100000E-19
        0.925000            0.100000E-19
        0.975000            0.100000E-19
e

 #          47 : dS/r2
set title "dS/r2"
plot "-" 
        0.250000E-01         1.83516    
        0.750000E-01        0.157413    
        0.125000            0.129776    
        0.175000            0.118365    
        0.225000            0.102681    
        0.275000            0.991398E-01
        0.325000            0.980078E-01
        0.375000            0.952172E-01
        0.425000            0.960202E-01
        0.475000            0.105287    
        0.525000            0.993166E-01
        0.575000            0.938688E-01
        0.625000            0.927937E-01
        0.675000            0.890887E-01
        0.725000            0.894602E-01
        0.775000            0.871370E-01
        0.825000            0.751075E-01
        0.875000            0.755494E-01
        0.925000            0.570291E-01
        0.975000            0.481582E-01
e

 #          48 : dS/r3
set title "dS/r3"
plot "-" 
        0.250000E-01         1.79504    
        0.750000E-01        0.167790    
        0.125000            0.131964    
        0.175000            0.118515    
        0.225000            0.111621    
        0.275000            0.105377    
        0.325000            0.105826    
        0.375000            0.105785    
        0.425000            0.959416E-01
        0.475000            0.925428E-01
        0.525000            0.968511E-01
        0.575000            0.898729E-01
        0.625000            0.853405E-01
        0.675000            0.890137E-01
        0.725000            0.928204E-01
        0.775000            0.856687E-01
        0.825000            0.822884E-01
        0.875000            0.788997E-01
        0.925000            0.658001E-01
        0.975000            0.476182E-01
e

 #          49 : dS/r4
set title "dS/r4"
plot "-" 
        0.250000E-01        0.100000E-19
        0.750000E-01        0.838382E-06
        0.125000            0.465083E-04
        0.175000            0.139698E-02
        0.225000            0.151137E-01
        0.275000            0.683511E-01
        0.325000            0.240667    
        0.375000            0.408341    
        0.425000            0.517869    
        0.475000            0.558119    
        0.525000            0.568028    
        0.575000            0.527861    
        0.625000            0.414551    
        0.675000            0.234904    
        0.725000            0.775921E-01
        0.775000            0.107441E-01
        0.825000            0.766458E-03
        0.875000            0.226759E-03
        0.925000            0.100000E-19
        0.975000            0.100000E-19
e

 #          91 : dS/dpTl1 (fb)
set title "dS/dpTl1 (fb)"
plot "-" 
         5.00000            0.100000E-19
         15.0000            0.575947E-02
         25.0000            0.267593E-02
         35.0000            0.287843E-02
         45.0000            0.258676E-02
         55.0000            0.832955E-03
         65.0000            0.449120E-03
         75.0000            0.405008E-03
         85.0000            0.351558E-03
         95.0000            0.359525E-03
         105.000            0.293562E-03
         115.000            0.230264E-03
         125.000            0.216711E-03
         135.000            0.194448E-03
         145.000            0.159911E-03
         155.000            0.151871E-03
         165.000            0.113041E-03
         175.000            0.792143E-04
         185.000            0.100978E-03
         195.000            0.600232E-04
         205.000            0.601038E-04
         215.000            0.527902E-04
         225.000            0.323590E-04
         235.000            0.317830E-04
         245.000            0.234947E-04
         255.000            0.149095E-04
         265.000            0.211736E-04
         275.000            0.143297E-04
         285.000            0.151802E-04
         295.000            0.110826E-04
         305.000            0.747206E-05
         315.000            0.952597E-05
         325.000            0.491465E-05
         335.000            0.580149E-05
         345.000            0.473451E-05
         355.000            0.517848E-05
         365.000            0.178531E-05
         375.000            0.111323E-05
         385.000            0.158830E-05
         395.000            0.756301E-06
         405.000            0.766115E-06
         415.000            0.715067E-06
         425.000            0.721192E-06
         435.000            0.249539E-06
         445.000            0.183806E-06
         455.000            0.573548E-06
         465.000            0.125238E-06
         475.000            0.196676E-07
         485.000            0.472083E-06
         495.000            0.757107E-07
e

 #          92 : dS/dpTl2 (fb)
set title "dS/dpTl2 (fb)"
plot "-" 
         5.00000            0.100000E-19
         15.0000            0.573626E-02
         25.0000            0.277061E-02
         35.0000            0.281690E-02
         45.0000            0.255813E-02
         55.0000            0.867239E-03
         65.0000            0.439724E-03
         75.0000            0.385896E-03
         85.0000            0.374104E-03
         95.0000            0.363652E-03
         105.000            0.282857E-03
         115.000            0.252795E-03
         125.000            0.199675E-03
         135.000            0.178040E-03
         145.000            0.179884E-03
         155.000            0.139088E-03
         165.000            0.129723E-03
         175.000            0.923858E-04
         185.000            0.784418E-04
         195.000            0.683438E-04
         205.000            0.458104E-04
         215.000            0.519974E-04
         225.000            0.395716E-04
         235.000            0.364427E-04
         245.000            0.212797E-04
         255.000            0.167197E-04
         265.000            0.141726E-04
         275.000            0.154139E-04
         285.000            0.140365E-04
         295.000            0.814050E-05
         305.000            0.793612E-05
         315.000            0.662272E-05
         325.000            0.363730E-05
         335.000            0.879462E-05
         345.000            0.358426E-05
         355.000            0.307950E-05
         365.000            0.142088E-05
         375.000            0.131909E-05
         385.000            0.823263E-06
         395.000            0.107282E-05
         405.000            0.158533E-05
         415.000            0.736325E-06
         425.000            0.550268E-06
         435.000            0.351726E-06
         445.000            0.265437E-05
         455.000            0.941188E-07
         465.000            0.684751E-06
         475.000            0.326005E-06
         485.000            0.718769E-07
         495.000            0.100232E-07
e

 #          93 : dS/dpTl3 (fb)
set title "dS/dpTl3 (fb)"
plot "-" 
         5.00000            0.100000E-19
         15.0000            0.565388E-02
         25.0000            0.270981E-02
         35.0000            0.286201E-02
         45.0000            0.266508E-02
         55.0000            0.886901E-03
         65.0000            0.433579E-03
         75.0000            0.396531E-03
         85.0000            0.390489E-03
         95.0000            0.310990E-03
         105.000            0.271524E-03
         115.000            0.258286E-03
         125.000            0.224660E-03
         135.000            0.186688E-03
         145.000            0.166804E-03
         155.000            0.125098E-03
         165.000            0.116876E-03
         175.000            0.888766E-04
         185.000            0.744057E-04
         195.000            0.716816E-04
         205.000            0.619223E-04
         215.000            0.463140E-04
         225.000            0.321952E-04
         235.000            0.343156E-04
         245.000            0.317372E-04
         255.000            0.224886E-04
         265.000            0.167719E-04
         275.000            0.144284E-04
         285.000            0.104723E-04
         295.000            0.827389E-05
         305.000            0.116556E-04
         315.000            0.719682E-05
         325.000            0.510999E-05
         335.000            0.528388E-05
         345.000            0.457044E-05
         355.000            0.522372E-05
         365.000            0.162655E-05
         375.000            0.299586E-05
         385.000            0.647941E-06
         395.000            0.669189E-06
         405.000            0.681060E-06
         415.000            0.493208E-06
         425.000            0.177456E-06
         435.000            0.258713E-05
         445.000            0.172613E-06
         455.000            0.390681E-06
         465.000            0.887325E-07
         475.000            0.444554E-07
         485.000            0.121069E-07
         495.000            0.159521E-07
e

 #          94 : dS/dpTl4 (fb)
set title "dS/dpTl4 (fb)"
plot "-" 
         5.00000            0.100000E-19
         15.0000            0.556096E-02
         25.0000            0.276198E-02
         35.0000            0.286757E-02
         45.0000            0.269299E-02
         55.0000            0.821135E-03
         65.0000            0.430043E-03
         75.0000            0.404406E-03
         85.0000            0.381306E-03
         95.0000            0.328181E-03
         105.000            0.287522E-03
         115.000            0.258308E-03
         125.000            0.223951E-03
         135.000            0.206161E-03
         145.000            0.166203E-03
         155.000            0.155161E-03
         165.000            0.112434E-03
         175.000            0.102285E-03
         185.000            0.801303E-04
         195.000            0.697277E-04
         205.000            0.627080E-04
         215.000            0.440690E-04
         225.000            0.360647E-04
         235.000            0.261026E-04
         245.000            0.253695E-04
         255.000            0.198137E-04
         265.000            0.140543E-04
         275.000            0.138165E-04
         285.000            0.131132E-04
         295.000            0.100914E-04
         305.000            0.910153E-05
         315.000            0.844732E-05
         325.000            0.575854E-05
         335.000            0.467706E-05
         345.000            0.430740E-05
         355.000            0.237086E-05
         365.000            0.220369E-05
         375.000            0.356064E-05
         385.000            0.110584E-05
         395.000            0.115645E-05
         405.000            0.382470E-06
         415.000            0.101624E-05
         425.000            0.321805E-06
         435.000            0.638992E-06
         445.000            0.530674E-06
         455.000            0.338384E-06
         465.000            0.184205E-07
         475.000            0.498730E-06
         485.000            0.228547E-08
         495.000            0.142208E-06
e

 #          95 : dS/costh1 (fb)
set title "dS/costh1 (fb)"
plot "-" 
        0.500000E-01        0.281687    
        0.150000            0.273517    
        0.250000            0.256373    
        0.350000            0.220753    
        0.450000            0.202811    
        0.550000            0.175673    
        0.650000            0.145288    
        0.750000            0.114960    
        0.850000            0.889139E-01
        0.950000            0.623134E-01
e

 #          96 : dS/costh2 (fb)
set title "dS/costh2 (fb)"
plot "-" 
        0.500000E-01        0.274756    
        0.150000            0.263882    
        0.250000            0.248518    
        0.350000            0.233488    
        0.450000            0.209288    
        0.550000            0.174642    
        0.650000            0.148527    
        0.750000            0.115130    
        0.850000            0.903536E-01
        0.950000            0.637058E-01
e

 #          97 : dS/costhstar (fb)
set title "dS/costhstar (fb)"
plot "-" 
        0.500000E-01        0.207603    
        0.150000            0.204844    
        0.250000            0.210894    
        0.350000            0.205546    
        0.450000            0.194392    
        0.550000            0.183146    
        0.650000            0.173880    
        0.750000            0.155054    
        0.850000            0.142988    
        0.950000            0.143942    
e

 #          98 : dS/cosphitilde (fb)
set title "dS/cosphitilde (fb)"
plot "-" 
        0.500000E-01        0.170686    
        0.150000            0.166122    
        0.250000            0.162921    
        0.350000            0.162593    
        0.450000            0.161073    
        0.550000            0.162503    
        0.650000            0.167006    
        0.750000            0.156307    
        0.850000            0.175753    
        0.950000            0.337324    
e

 #          99 : dS/cosphi (fb)
set title "dS/cosphi (fb)"
plot "-" 
        0.500000E-01        0.207649    
        0.150000            0.199554    
        0.250000            0.190624    
        0.350000            0.194534    
        0.450000            0.192728    
        0.550000            0.195149    
        0.650000            0.186692    
        0.750000            0.169310    
        0.850000            0.152629    
        0.950000            0.133421    
e

 #         100 : dS/costhstar2 (fb)
set title "dS/costhstar2 (fb)"
plot "-" 
        0.500000E-01        0.177828    
        0.150000            0.185041    
        0.250000            0.173789    
        0.350000            0.177786    
        0.450000            0.180136    
        0.550000            0.194775    
        0.650000            0.201140    
        0.750000            0.217599    
        0.850000            0.264650    
        0.950000            0.567394    
e

 #         105 : dS/dmZZ (fb/GeV)
set title "dS/dmZZ (fb/GeV)"
plot "-" 
         10.0000            0.100000E-19
         30.0000            0.100000E-19
         50.0000            0.100000E-19
         70.0000            0.100000E-19
         90.0000            0.100000E-19
         110.000            0.100000E-19
         130.000            0.639501E-02
         150.000            0.316158E-05
         170.000            0.828287E-05
         190.000            0.614703E-04
         210.000            0.100962E-03
         230.000            0.950633E-04
         250.000            0.983068E-04
         270.000            0.995958E-04
         290.000            0.101640E-03
         310.000            0.103641E-03
         330.000            0.125916E-03
         350.000            0.134519E-03
         370.000            0.159472E-03
         390.000            0.152265E-03
         410.000            0.151153E-03
         430.000            0.137819E-03
         450.000            0.121296E-03
         470.000            0.102807E-03
         490.000            0.102337E-03
         510.000            0.103549E-03
         530.000            0.771646E-04
         550.000            0.734982E-04
         570.000            0.676180E-04
         590.000            0.635089E-04
         610.000            0.557500E-04
         630.000            0.483594E-04
         650.000            0.445381E-04
         670.000            0.371456E-04
         690.000            0.282232E-04
         710.000            0.411463E-04
         730.000            0.231086E-04
         750.000            0.234678E-04
         770.000            0.171398E-04
         790.000            0.183153E-04
         810.000            0.145199E-04
         830.000            0.160327E-04
         850.000            0.147044E-04
         870.000            0.116759E-04
         890.000            0.112629E-04
         910.000            0.919489E-05
         930.000            0.686404E-05
         950.000            0.732067E-05
         970.000            0.579078E-05
         990.000            0.371492E-05
e

 #         106 : dS/dmTZLm (fb/GeV)
set title "dS/dmTZLm (fb/GeV)"
plot "-" 
         10.0000            0.596694E-03
         30.0000            0.223416E-02
         50.0000            0.762306E-03
         70.0000            0.757379E-03
         90.0000            0.466345E-02
         110.000            0.788319E-04
         130.000            0.109299E-04
         150.000            0.378299E-05
         170.000            0.976245E-06
         190.000            0.101677E-05
         210.000            0.511663E-06
         230.000            0.786956E-06
         250.000            0.379906E-06
         270.000            0.129760E-06
         290.000            0.230224E-07
         310.000            0.676304E-07
         330.000            0.100000E-19
         350.000            0.100000E-19
         370.000            0.696162E-09
         390.000            0.100000E-19
         410.000            0.146761E-07
         430.000            0.569703E-08
         450.000            0.100000E-19
         470.000            0.100000E-19
         490.000            0.100000E-19
         510.000            0.100000E-19
         530.000            0.100000E-19
         550.000            0.100000E-19
         570.000            0.100000E-19
         590.000            0.100000E-19
         610.000            0.100000E-19
         630.000            0.100000E-19
         650.000            0.100000E-19
         670.000            0.100000E-19
         690.000            0.100000E-19
         710.000            0.100000E-19
         730.000            0.100000E-19
         750.000            0.100000E-19
         770.000            0.100000E-19
         790.000            0.100000E-19
         810.000            0.100000E-19
         830.000            0.100000E-19
         850.000            0.100000E-19
         870.000            0.100000E-19
         890.000            0.100000E-19
         910.000            0.100000E-19
         930.000            0.803128E-11
         950.000            0.100000E-19
         970.000            0.100000E-19
         990.000            0.100000E-19
e

 #         107 : dS/dmlll (fb/GeV)
set title "dS/dmlll (fb/GeV)"
plot "-" 
         10.0000            0.580941E-03
         30.0000            0.209660E-02
         50.0000            0.814371E-03
         70.0000            0.742011E-03
         90.0000            0.477746E-02
         110.000            0.786349E-04
         130.000            0.135818E-04
         150.000            0.335816E-05
         170.000            0.208626E-05
         190.000            0.955834E-06
         210.000            0.313421E-06
         230.000            0.168052E-06
         250.000            0.861551E-07
         270.000            0.443076E-06
         290.000            0.115861E-06
         310.000            0.163164E-07
         330.000            0.235808E-07
         350.000            0.172964E-06
         370.000            0.690091E-07
         390.000            0.488224E-07
         410.000            0.100000E-19
         430.000            0.100000E-19
         450.000            0.100000E-19
         470.000            0.100000E-19
         490.000            0.100000E-19
         510.000            0.100000E-19
         530.000            0.100000E-19
         550.000            0.100000E-19
         570.000            0.100000E-19
         590.000            0.100000E-19
         610.000            0.100000E-19
         630.000            0.100000E-19
         650.000            0.100000E-19
         670.000            0.100000E-19
         690.000            0.100000E-19
         710.000            0.100000E-19
         730.000            0.100000E-19
         750.000            0.100000E-19
         770.000            0.100000E-19
         790.000            0.100000E-19
         810.000            0.100000E-19
         830.000            0.292042E-11
         850.000            0.100000E-19
         870.000            0.100000E-19
         890.000            0.100000E-19
         910.000            0.100000E-19
         930.000            0.100000E-19
         950.000            0.100000E-19
         970.000            0.100000E-19
         990.000            0.100000E-19
e

 #          10 : d2S/dcthetastar mzz
set view map
set size 3.9/5.0,3.4/3.0
unset surface
set style data pm3d
set style function pm3d
set pm3d implicit at b
set title "d2S/dcthetastar mzz"
set xlabel "cthetas"
set ylabel "mzz"
set palette rgbformulae 30,31,32 negative
splot "-" 
        0.500000E-01         25.0000             0.00000    
        0.500000E-01         75.0000             0.00000    
        0.500000E-01         125.000             0.00000    
        0.500000E-01         175.000            0.364503E-03
        0.500000E-01         225.000            0.360312E-05
        0.500000E-01         275.000            0.125309E-04
        0.500000E-01         325.000            0.138889E-04
        0.500000E-01         375.000            0.160463E-04
        0.500000E-01         425.000            0.255968E-04
        0.500000E-01         475.000            0.226975E-04
        0.500000E-01         525.000            0.235064E-04
        0.500000E-01         575.000            0.135507E-04
        0.500000E-01         625.000            0.103322E-04
        0.500000E-01         675.000            0.704709E-05
        0.500000E-01         725.000            0.452019E-05
        0.500000E-01         775.000            0.420532E-05
        0.500000E-01         825.000            0.314042E-05
        0.500000E-01         875.000            0.208406E-05
        0.500000E-01         925.000            0.103602E-05
        0.500000E-01         975.000            0.569274E-06
 
        0.150000             25.0000             0.00000    
        0.150000             75.0000             0.00000    
        0.150000             125.000             0.00000    
        0.150000             175.000            0.251269E-02
        0.150000             225.000            0.290413E-04
        0.150000             275.000            0.102610E-03
        0.150000             325.000            0.107409E-03
        0.150000             375.000            0.126426E-03
        0.150000             425.000            0.166570E-03
        0.150000             475.000            0.136716E-03
        0.150000             525.000            0.112992E-03
        0.150000             575.000            0.882325E-04
        0.150000             625.000            0.782718E-04
        0.150000             675.000            0.505636E-04
        0.150000             725.000            0.364996E-04
        0.150000             775.000            0.318999E-04
        0.150000             825.000            0.182105E-04
        0.150000             875.000            0.151986E-04
        0.150000             925.000            0.951539E-05
        0.150000             975.000            0.425399E-05
 
        0.250000             25.0000             0.00000    
        0.250000             75.0000             0.00000    
        0.250000             125.000             0.00000    
        0.250000             175.000            0.283059E-02
        0.250000             225.000            0.361722E-04
        0.250000             275.000            0.112038E-03
        0.250000             325.000            0.125897E-03
        0.250000             375.000            0.144987E-03
        0.250000             425.000            0.177077E-03
        0.250000             475.000            0.163887E-03
        0.250000             525.000            0.116617E-03
        0.250000             575.000            0.992188E-04
        0.250000             625.000            0.784487E-04
        0.250000             675.000            0.597482E-04
        0.250000             725.000            0.427038E-04
        0.250000             775.000            0.474294E-04
        0.250000             825.000            0.189339E-04
        0.250000             875.000            0.161767E-04
        0.250000             925.000            0.965347E-05
        0.250000             975.000            0.751576E-05
 
        0.350000             25.0000             0.00000    
        0.350000             75.0000             0.00000    
        0.350000             125.000             0.00000    
        0.350000             175.000            0.292681E-02
        0.350000             225.000            0.338002E-04
        0.350000             275.000            0.901705E-04
        0.350000             325.000            0.119782E-03
        0.350000             375.000            0.151145E-03
        0.350000             425.000            0.174690E-03
        0.350000             475.000            0.167286E-03
        0.350000             525.000            0.123345E-03
        0.350000             575.000            0.104496E-03
        0.350000             625.000            0.772265E-04
        0.350000             675.000            0.645767E-04
        0.350000             725.000            0.370803E-04
        0.350000             775.000            0.347903E-04
        0.350000             825.000            0.234623E-04
        0.350000             875.000            0.208137E-04
        0.350000             925.000            0.118649E-04
        0.350000             975.000            0.906383E-05
 
        0.450000             25.0000             0.00000    
        0.450000             75.0000             0.00000    
        0.450000             125.000             0.00000    
        0.450000             175.000            0.289154E-02
        0.450000             225.000            0.370290E-04
        0.450000             275.000            0.928492E-04
        0.450000             325.000            0.119396E-03
        0.450000             375.000            0.137879E-03
        0.450000             425.000            0.177579E-03
        0.450000             475.000            0.152566E-03
        0.450000             525.000            0.127022E-03
        0.450000             575.000            0.103962E-03
        0.450000             625.000            0.730242E-04
        0.450000             675.000            0.622065E-04
        0.450000             725.000            0.446590E-04
        0.450000             775.000            0.318940E-04
        0.450000             825.000            0.220308E-04
        0.450000             875.000            0.161797E-04
        0.450000             925.000            0.113624E-04
        0.450000             975.000            0.818806E-05
 
        0.550000             25.0000             0.00000    
        0.550000             75.0000             0.00000    
        0.550000             125.000             0.00000    
        0.550000             175.000            0.272432E-02
        0.550000             225.000            0.330198E-04
        0.550000             275.000            0.103350E-03
        0.550000             325.000            0.977023E-04
        0.550000             375.000            0.118630E-03
        0.550000             425.000            0.156299E-03
        0.550000             475.000            0.163862E-03
        0.550000             525.000            0.125305E-03
        0.550000             575.000            0.103829E-03
        0.550000             625.000            0.721938E-04
        0.550000             675.000            0.614194E-04
        0.550000             725.000            0.497109E-04
        0.550000             775.000            0.269433E-04
        0.550000             825.000            0.172804E-04
        0.550000             875.000            0.159721E-04
        0.550000             925.000            0.185047E-04
        0.550000             975.000            0.108394E-04
 
        0.650000             25.0000             0.00000    
        0.650000             75.0000             0.00000    
        0.650000             125.000             0.00000    
        0.650000             175.000            0.249995E-02
        0.650000             225.000            0.314779E-04
        0.650000             275.000            0.958458E-04
        0.650000             325.000            0.942038E-04
        0.650000             375.000            0.120149E-03
        0.650000             425.000            0.154885E-03
        0.650000             475.000            0.148641E-03
        0.650000             525.000            0.118502E-03
        0.650000             575.000            0.940284E-04
        0.650000             625.000            0.708038E-04
        0.650000             675.000            0.593832E-04
        0.650000             725.000            0.369794E-04
        0.650000             775.000            0.246146E-04
        0.650000             825.000            0.191660E-04
        0.650000             875.000            0.169307E-04
        0.650000             925.000            0.162785E-04
        0.650000             975.000            0.100994E-04
 
        0.750000             25.0000             0.00000    
        0.750000             75.0000             0.00000    
        0.750000             125.000             0.00000    
        0.750000             175.000            0.237313E-02
        0.750000             225.000            0.326996E-04
        0.750000             275.000            0.938826E-04
        0.750000             325.000            0.832905E-04
        0.750000             375.000            0.106263E-03
        0.750000             425.000            0.136101E-03
        0.750000             475.000            0.140052E-03
        0.750000             525.000            0.110384E-03
        0.750000             575.000            0.790006E-04
        0.750000             625.000            0.696312E-04
        0.750000             675.000            0.479586E-04
        0.750000             725.000            0.405126E-04
        0.750000             775.000            0.265082E-04
        0.750000             825.000            0.180348E-04
        0.750000             875.000            0.189609E-04
        0.750000             925.000            0.147551E-04
        0.750000             975.000            0.955586E-05
 
        0.850000             25.0000             0.00000    
        0.850000             75.0000             0.00000    
        0.850000             125.000             0.00000    
        0.850000             175.000            0.220003E-02
        0.850000             225.000            0.365929E-04
        0.850000             275.000            0.956565E-04
        0.850000             325.000            0.901523E-04
        0.850000             375.000            0.913186E-04
        0.850000             425.000            0.120891E-03
        0.850000             475.000            0.115655E-03
        0.850000             525.000            0.892420E-04
        0.850000             575.000            0.740110E-04
        0.850000             625.000            0.624212E-04
        0.850000             675.000            0.432731E-04
        0.850000             725.000            0.373826E-04
        0.850000             775.000            0.239655E-04
        0.850000             825.000            0.179306E-04
        0.850000             875.000            0.146565E-04
        0.850000             925.000            0.131020E-04
        0.850000             975.000            0.946153E-05
 
        0.950000             25.0000             0.00000    
        0.950000             75.0000             0.00000    
        0.950000             125.000             0.00000    
        0.950000             175.000            0.202145E-02
        0.950000             225.000            0.276344E-04
        0.950000             275.000            0.746419E-04
        0.950000             325.000            0.813675E-04
        0.950000             375.000            0.907052E-04
        0.950000             425.000            0.122488E-03
        0.950000             475.000            0.102499E-03
        0.950000             525.000            0.752897E-04
        0.950000             575.000            0.627095E-04
        0.950000             625.000            0.466753E-04
        0.950000             675.000            0.337645E-04
        0.950000             725.000            0.266987E-04
        0.950000             775.000            0.206594E-04
        0.950000             825.000            0.178784E-04
        0.950000             875.000            0.116881E-04
        0.950000             925.000            0.104692E-04
        0.950000             975.000            0.794237E-05
 
e
