set output "bsm.1.ps"
set terminal postscript color
set style data histeps
set key off

 #          39 : dS/deta_l (fb)
set title "dS/deta_l (fb)"
plot "-" 
        -4.90000            0.100000E-19
        -4.70000            0.100000E-19
        -4.50000            0.100000E-19
        -4.30000            0.100000E-19
        -4.10000            0.100000E-19
        -3.90000            0.100000E-19
        -3.70000            0.100000E-19
        -3.50000            0.100000E-19
        -3.30000            0.100000E-19
        -3.10000            0.100000E-19
        -2.90000            0.100000E-19
        -2.70000            0.100000E-19
        -2.50000            0.791241E-02
        -2.30000            0.245745E-01
        -2.10000            0.286760E-01
        -1.90000            0.348159E-01
        -1.70000            0.426184E-01
        -1.50000            0.499510E-01
        -1.30000            0.618309E-01
        -1.10000            0.663310E-01
       -0.900000            0.818093E-01
       -0.700000            0.848130E-01
       -0.500000            0.100353    
       -0.300000            0.974741E-01
       -0.100000            0.886478E-01
        0.100000            0.937013E-01
        0.300000            0.885540E-01
        0.500000            0.880101E-01
        0.700000            0.831325E-01
        0.900000            0.786281E-01
         1.10000            0.678563E-01
         1.30000            0.649716E-01
         1.50000            0.491059E-01
         1.70000            0.465376E-01
         1.90000            0.379268E-01
         2.10000            0.291820E-01
         2.30000            0.209389E-01
         2.50000            0.782342E-02
         2.70000            0.100000E-19
         2.90000            0.100000E-19
         3.10000            0.100000E-19
         3.30000            0.100000E-19
         3.50000            0.100000E-19
         3.70000            0.100000E-19
         3.90000            0.100000E-19
         4.10000            0.100000E-19
         4.30000            0.100000E-19
         4.50000            0.100000E-19
         4.70000            0.100000E-19
         4.90000            0.100000E-19
e

 #          40 : dS/dR_l1l2 (fb)
set title "dS/dR_l1l2 (fb)"
plot "-" 
        0.600000E-01        0.100000E-19
        0.180000            0.100000E-19
        0.300000            0.100000E-19
        0.420000            0.224525E-01
        0.540000            0.471214E-01
        0.660000            0.719419E-01
        0.780000            0.840585E-01
        0.900000            0.867826E-01
         1.02000            0.931912E-01
         1.14000            0.931799E-01
         1.26000            0.809664E-01
         1.38000            0.794864E-01
         1.50000            0.764820E-01
         1.62000            0.709689E-01
         1.74000            0.712109E-01
         1.86000            0.658398E-01
         1.98000            0.711549E-01
         2.10000            0.711135E-01
         2.22000            0.800328E-01
         2.34000            0.808220E-01
         2.46000            0.858698E-01
         2.58000            0.104300    
         2.70000            0.132136    
         2.82000            0.156238    
         2.94000            0.175964    
         3.06000            0.216169    
         3.18000            0.178306    
         3.30000            0.858304E-01
         3.42000            0.531109E-01
         3.54000            0.375576E-01
         3.66000            0.243529E-01
         3.78000            0.164919E-01
         3.90000            0.105306E-01
         4.02000            0.815387E-02
         4.14000            0.392912E-02
         4.26000            0.395947E-02
         4.38000            0.122712E-02
         4.50000            0.131102E-02
         4.62000            0.402199E-03
         4.74000            0.851533E-03
         4.86000            0.850299E-04
         4.98000            0.439785E-04
         5.10000            0.100000E-19
         5.22000            0.100000E-19
         5.34000            0.100000E-19
         5.46000            0.100000E-19
         5.58000            0.100000E-19
         5.70000            0.100000E-19
         5.82000            0.100000E-19
         5.94000            0.100000E-19
e

 #          41 : dS/dR_l1l3 (fb)
set title "dS/dR_l1l3 (fb)"
plot "-" 
        0.600000E-01        0.100000E-19
        0.180000            0.100000E-19
        0.300000            0.100000E-19
        0.420000            0.228435E-01
        0.540000            0.400542E-01
        0.660000            0.454324E-01
        0.780000            0.549867E-01
        0.900000            0.573342E-01
         1.02000            0.649309E-01
         1.14000            0.666908E-01
         1.26000            0.671675E-01
         1.38000            0.727791E-01
         1.50000            0.778570E-01
         1.62000            0.754177E-01
         1.74000            0.108478    
         1.86000            0.892119E-01
         1.98000            0.989036E-01
         2.10000            0.997608E-01
         2.22000            0.111940    
         2.34000            0.122635    
         2.46000            0.126113    
         2.58000            0.139337    
         2.70000            0.157585    
         2.82000            0.156877    
         2.94000            0.180339    
         3.06000            0.176609    
         3.18000            0.137567    
         3.30000            0.626208E-01
         3.42000            0.432588E-01
         3.54000            0.255258E-01
         3.66000            0.207234E-01
         3.78000            0.144531E-01
         3.90000            0.882206E-02
         4.02000            0.575637E-02
         4.14000            0.324783E-02
         4.26000            0.297706E-02
         4.38000            0.169090E-02
         4.50000            0.870539E-03
         4.62000            0.658156E-03
         4.74000            0.587253E-03
         4.86000            0.686140E-03
         4.98000            0.366210E-03
         5.10000            0.277730E-03
         5.22000            0.117629E-03
         5.34000            0.230115E-05
         5.46000            0.133893E-03
         5.58000            0.100000E-19
         5.70000            0.108316E-05
         5.82000            0.100000E-19
         5.94000            0.100000E-19
e

 #          42 : dS/dR_l1l4 (fb)
set title "dS/dR_l1l4 (fb)"
plot "-" 
        0.600000E-01        0.100000E-19
        0.180000            0.100000E-19
        0.300000            0.100000E-19
        0.420000            0.218145E-01
        0.540000            0.447232E-01
        0.660000            0.477989E-01
        0.780000            0.528181E-01
        0.900000            0.634624E-01
         1.02000            0.661397E-01
         1.14000            0.696738E-01
         1.26000            0.780401E-01
         1.38000            0.783920E-01
         1.50000            0.845177E-01
         1.62000            0.840662E-01
         1.74000            0.913682E-01
         1.86000            0.917319E-01
         1.98000            0.112698    
         2.10000            0.943857E-01
         2.22000            0.111910    
         2.34000            0.116501    
         2.46000            0.119644    
         2.58000            0.134206    
         2.70000            0.143044    
         2.82000            0.162913    
         2.94000            0.170093    
         3.06000            0.179530    
         3.18000            0.129372    
         3.30000            0.658828E-01
         3.42000            0.406856E-01
         3.54000            0.293270E-01
         3.66000            0.179072E-01
         3.78000            0.115190E-01
         3.90000            0.101925E-01
         4.02000            0.542376E-02
         4.14000            0.383211E-02
         4.26000            0.313996E-02
         4.38000            0.264210E-02
         4.50000            0.857958E-03
         4.62000            0.151718E-02
         4.74000            0.571784E-03
         4.86000            0.715465E-03
         4.98000            0.475822E-04
         5.10000            0.300165E-03
         5.22000            0.219620E-03
         5.34000            0.984535E-06
         5.46000            0.146222E-07
         5.58000            0.100000E-19
         5.70000            0.100000E-19
         5.82000            0.100000E-19
         5.94000            0.100000E-19
e

 #          43 : dS/dR_l2l3 (fb)
set title "dS/dR_l2l3 (fb)"
plot "-" 
        0.600000E-01        0.100000E-19
        0.180000            0.100000E-19
        0.300000            0.100000E-19
        0.420000            0.238205E-01
        0.540000            0.397085E-01
        0.660000            0.461846E-01
        0.780000            0.519919E-01
        0.900000            0.638718E-01
         1.02000            0.679047E-01
         1.14000            0.725843E-01
         1.26000            0.774948E-01
         1.38000            0.759020E-01
         1.50000            0.812389E-01
         1.62000            0.908032E-01
         1.74000            0.882096E-01
         1.86000            0.111883    
         1.98000            0.914700E-01
         2.10000            0.954430E-01
         2.22000            0.104608    
         2.34000            0.116073    
         2.46000            0.122014    
         2.58000            0.135111    
         2.70000            0.145179    
         2.82000            0.162272    
         2.94000            0.173383    
         3.06000            0.177086    
         3.18000            0.127033    
         3.30000            0.706139E-01
         3.42000            0.438303E-01
         3.54000            0.282549E-01
         3.66000            0.182824E-01
         3.78000            0.142417E-01
         3.90000            0.849245E-02
         4.02000            0.565625E-02
         4.14000            0.402097E-02
         4.26000            0.367232E-02
         4.38000            0.182733E-02
         4.50000            0.124563E-02
         4.62000            0.125934E-02
         4.74000            0.423794E-03
         4.86000            0.219230E-03
         4.98000            0.142861E-03
         5.10000            0.159535E-03
         5.22000            0.120114E-04
         5.34000            0.223322E-05
         5.46000            0.621937E-08
         5.58000            0.100000E-19
         5.70000            0.100000E-19
         5.82000            0.100000E-19
         5.94000            0.100000E-19
e

 #          44 : dS/dR_l2l4 (fb)
set title "dS/dR_l2l4 (fb)"
plot "-" 
        0.600000E-01        0.100000E-19
        0.180000            0.100000E-19
        0.300000            0.100000E-19
        0.420000            0.221728E-01
        0.540000            0.367004E-01
        0.660000            0.455130E-01
        0.780000            0.497816E-01
        0.900000            0.613780E-01
         1.02000            0.647858E-01
         1.14000            0.647769E-01
         1.26000            0.705724E-01
         1.38000            0.711202E-01
         1.50000            0.966295E-01
         1.62000            0.851769E-01
         1.74000            0.886656E-01
         1.86000            0.958615E-01
         1.98000            0.986035E-01
         2.10000            0.102710    
         2.22000            0.105905    
         2.34000            0.112622    
         2.46000            0.125589    
         2.58000            0.146859    
         2.70000            0.144943    
         2.82000            0.155107    
         2.94000            0.184532    
         3.06000            0.179757    
         3.18000            0.131401    
         3.30000            0.722461E-01
         3.42000            0.434460E-01
         3.54000            0.246284E-01
         3.66000            0.189770E-01
         3.78000            0.125437E-01
         3.90000            0.938991E-02
         4.02000            0.748102E-02
         4.14000            0.347793E-02
         4.26000            0.274035E-02
         4.38000            0.276855E-02
         4.50000            0.148395E-02
         4.62000            0.121931E-02
         4.74000            0.240082E-03
         4.86000            0.557235E-03
         4.98000            0.500224E-03
         5.10000            0.202580E-03
         5.22000            0.146888E-03
         5.34000            0.398615E-03
         5.46000            0.151945E-04
         5.58000            0.100000E-19
         5.70000            0.621937E-08
         5.82000            0.100000E-19
         5.94000            0.100000E-19
e

 #          45 : dS/dR_l3l4 (fb)
set title "dS/dR_l3l4 (fb)"
plot "-" 
        0.600000E-01        0.100000E-19
        0.180000            0.100000E-19
        0.300000            0.100000E-19
        0.420000            0.182075E-01
        0.540000            0.478747E-01
        0.660000            0.719444E-01
        0.780000            0.814637E-01
        0.900000            0.851029E-01
         1.02000            0.925809E-01
         1.14000            0.902566E-01
         1.26000            0.861121E-01
         1.38000            0.792270E-01
         1.50000            0.752363E-01
         1.62000            0.733508E-01
         1.74000            0.698742E-01
         1.86000            0.661230E-01
         1.98000            0.662281E-01
         2.10000            0.686531E-01
         2.22000            0.780917E-01
         2.34000            0.777817E-01
         2.46000            0.829150E-01
         2.58000            0.107587    
         2.70000            0.139623    
         2.82000            0.166057    
         2.94000            0.181730    
         3.06000            0.207561    
         3.18000            0.155635    
         3.30000            0.104644    
         3.42000            0.526650E-01
         3.54000            0.366853E-01
         3.66000            0.259975E-01
         3.78000            0.178047E-01
         3.90000            0.137467E-01
         4.02000            0.879732E-02
         4.14000            0.397307E-02
         4.26000            0.267213E-02
         4.38000            0.340767E-02
         4.50000            0.171491E-02
         4.62000            0.130242E-02
         4.74000            0.743102E-03
         4.86000            0.367398E-04
         4.98000            0.103130E-03
         5.10000            0.117067E-03
         5.22000            0.100000E-19
         5.34000            0.100000E-19
         5.46000            0.100000E-19
         5.58000            0.100000E-19
         5.70000            0.100000E-19
         5.82000            0.100000E-19
         5.94000            0.100000E-19
e

 #          46 : dS/r1
set title "dS/r1"
plot "-" 
        0.250000E-01        0.428926    
        0.750000E-01        0.391514    
        0.125000            0.431697    
        0.175000            0.397059    
        0.225000            0.431321    
        0.275000            0.430891    
        0.325000            0.433273    
        0.375000            0.426269    
        0.425000            0.427939    
        0.475000            0.434715    
        0.525000             1.87069    
        0.575000            0.405684E-03
        0.625000            0.525787E-07
        0.675000            0.149265E-07
        0.725000            0.100000E-19
        0.775000            0.100000E-19
        0.825000            0.100000E-19
        0.875000            0.100000E-19
        0.925000            0.100000E-19
        0.975000            0.100000E-19
e

 #          47 : dS/r2
set title "dS/r2"
plot "-" 
        0.250000E-01         3.07431    
        0.750000E-01        0.263000    
        0.125000            0.221502    
        0.175000            0.190423    
        0.225000            0.171042    
        0.275000            0.171887    
        0.325000            0.161166    
        0.375000            0.160866    
        0.425000            0.167395    
        0.475000            0.173421    
        0.525000            0.166836    
        0.575000            0.153003    
        0.625000            0.152939    
        0.675000            0.146216    
        0.725000            0.149726    
        0.775000            0.145474    
        0.825000            0.132043    
        0.875000            0.126507    
        0.925000            0.959341E-01
        0.975000            0.810131E-01
e

 #          48 : dS/r3
set title "dS/r3"
plot "-" 
        0.250000E-01         2.98471    
        0.750000E-01        0.280147    
        0.125000            0.221450    
        0.175000            0.192717    
        0.225000            0.185867    
        0.275000            0.179496    
        0.325000            0.162204    
        0.375000            0.173702    
        0.425000            0.162780    
        0.475000            0.159063    
        0.525000            0.201351    
        0.575000            0.150417    
        0.625000            0.145215    
        0.675000            0.148718    
        0.725000            0.151242    
        0.775000            0.147870    
        0.825000            0.135743    
        0.875000            0.133476    
        0.925000            0.110770    
        0.975000            0.777635E-01
e

 #          49 : dS/r4
set title "dS/r4"
plot "-" 
        0.250000E-01        0.100000E-19
        0.750000E-01        0.157524E-05
        0.125000            0.103623E-03
        0.175000            0.189327E-02
        0.225000            0.279767E-01
        0.275000            0.112299    
        0.325000            0.399376    
        0.375000            0.680084    
        0.425000            0.902786    
        0.475000            0.923204    
        0.525000            0.943148    
        0.575000            0.887360    
        0.625000            0.678817    
        0.675000            0.396165    
        0.725000            0.132578    
        0.775000            0.174940E-01
        0.825000            0.104178E-02
        0.875000            0.374635E-03
        0.925000            0.100000E-19
        0.975000            0.100000E-19
e

 #          91 : dS/dpTl1 (fb)
set title "dS/dpTl1 (fb)"
plot "-" 
         5.00000            0.100000E-19
         15.0000            0.975494E-02
         25.0000            0.441245E-02
         35.0000            0.475447E-02
         45.0000            0.435965E-02
         55.0000            0.136783E-02
         65.0000            0.742848E-03
         75.0000            0.715010E-03
         85.0000            0.574156E-03
         95.0000            0.606073E-03
         105.000            0.480838E-03
         115.000            0.388390E-03
         125.000            0.370563E-03
         135.000            0.327432E-03
         145.000            0.280532E-03
         155.000            0.251601E-03
         165.000            0.191914E-03
         175.000            0.144560E-03
         185.000            0.160669E-03
         195.000            0.991564E-04
         205.000            0.982052E-04
         215.000            0.893717E-04
         225.000            0.586876E-04
         235.000            0.516603E-04
         245.000            0.375255E-04
         255.000            0.268759E-04
         265.000            0.331418E-04
         275.000            0.248316E-04
         285.000            0.238648E-04
         295.000            0.166341E-04
         305.000            0.119660E-04
         315.000            0.164464E-04
         325.000            0.879660E-05
         335.000            0.878220E-05
         345.000            0.829260E-05
         355.000            0.894704E-05
         365.000            0.298584E-05
         375.000            0.190037E-05
         385.000            0.318063E-05
         395.000            0.133204E-05
         405.000            0.114844E-05
         415.000            0.108346E-05
         425.000            0.130549E-05
         435.000            0.291225E-06
         445.000            0.413880E-06
         455.000            0.938311E-06
         465.000            0.237276E-06
         475.000            0.320697E-07
         485.000            0.925628E-06
         495.000            0.138211E-06
e

 #          92 : dS/dpTl2 (fb)
set title "dS/dpTl2 (fb)"
plot "-" 
         5.00000            0.100000E-19
         15.0000            0.971320E-02
         25.0000            0.460180E-02
         35.0000            0.469639E-02
         45.0000            0.425587E-02
         55.0000            0.146903E-02
         65.0000            0.696547E-03
         75.0000            0.656073E-03
         85.0000            0.642145E-03
         95.0000            0.592651E-03
         105.000            0.475306E-03
         115.000            0.419754E-03
         125.000            0.359346E-03
         135.000            0.289534E-03
         145.000            0.273510E-03
         155.000            0.250486E-03
         165.000            0.213630E-03
         175.000            0.159126E-03
         185.000            0.130766E-03
         195.000            0.112207E-03
         205.000            0.854423E-04
         215.000            0.731347E-04
         225.000            0.749557E-04
         235.000            0.534380E-04
         245.000            0.414838E-04
         255.000            0.283422E-04
         265.000            0.256326E-04
         275.000            0.237696E-04
         285.000            0.208791E-04
         295.000            0.166290E-04
         305.000            0.131570E-04
         315.000            0.881435E-05
         325.000            0.864453E-05
         335.000            0.109944E-04
         345.000            0.800390E-05
         355.000            0.550874E-05
         365.000            0.217329E-05
         375.000            0.211362E-05
         385.000            0.156820E-05
         395.000            0.134705E-05
         405.000            0.170668E-05
         415.000            0.129095E-05
         425.000            0.798778E-06
         435.000            0.125308E-06
         445.000            0.404434E-05
         455.000            0.132410E-06
         465.000            0.115963E-05
         475.000            0.725884E-07
         485.000            0.393067E-06
         495.000            0.115695E-07
e

 #          93 : dS/dpTl3 (fb)
set title "dS/dpTl3 (fb)"
plot "-" 
         5.00000            0.100000E-19
         15.0000            0.935217E-02
         25.0000            0.447018E-02
         35.0000            0.500036E-02
         45.0000            0.448516E-02
         55.0000            0.144962E-02
         65.0000            0.709558E-03
         75.0000            0.663385E-03
         85.0000            0.663900E-03
         95.0000            0.495634E-03
         105.000            0.502448E-03
         115.000            0.406330E-03
         125.000            0.384948E-03
         135.000            0.311226E-03
         145.000            0.277825E-03
         155.000            0.219134E-03
         165.000            0.194804E-03
         175.000            0.147131E-03
         185.000            0.121101E-03
         195.000            0.123171E-03
         205.000            0.113195E-03
         215.000            0.677830E-04
         225.000            0.546138E-04
         235.000            0.414067E-04
         245.000            0.646179E-04
         255.000            0.382712E-04
         265.000            0.292966E-04
         275.000            0.234742E-04
         285.000            0.166746E-04
         295.000            0.143596E-04
         305.000            0.133208E-04
         315.000            0.138402E-04
         325.000            0.145399E-04
         335.000            0.912193E-05
         345.000            0.624981E-05
         355.000            0.811342E-05
         365.000            0.283820E-05
         375.000            0.332812E-05
         385.000            0.235800E-05
         395.000            0.108051E-05
         405.000            0.105094E-05
         415.000            0.768515E-06
         425.000            0.286130E-06
         435.000            0.279959E-06
         445.000            0.347489E-05
         455.000            0.562501E-06
         465.000            0.885788E-07
         475.000            0.996536E-07
         485.000            0.326398E-07
         495.000            0.348317E-07
e

 #          94 : dS/dpTl4 (fb)
set title "dS/dpTl4 (fb)"
plot "-" 
         5.00000            0.100000E-19
         15.0000            0.923704E-02
         25.0000            0.452117E-02
         35.0000            0.505481E-02
         45.0000            0.442255E-02
         55.0000            0.138974E-02
         65.0000            0.728761E-03
         75.0000            0.693302E-03
         85.0000            0.642473E-03
         95.0000            0.529031E-03
         105.000            0.482340E-03
         115.000            0.422291E-03
         125.000            0.378022E-03
         135.000            0.352324E-03
         145.000            0.276369E-03
         155.000            0.264931E-03
         165.000            0.191480E-03
         175.000            0.169614E-03
         185.000            0.142519E-03
         195.000            0.106405E-03
         205.000            0.101763E-03
         215.000            0.727829E-04
         225.000            0.581689E-04
         235.000            0.506166E-04
         245.000            0.367719E-04
         255.000            0.337650E-04
         265.000            0.253309E-04
         275.000            0.254164E-04
         285.000            0.207460E-04
         295.000            0.126093E-04
         305.000            0.182901E-04
         315.000            0.114698E-04
         325.000            0.106983E-04
         335.000            0.670842E-05
         345.000            0.606414E-05
         355.000            0.586233E-05
         365.000            0.359422E-05
         375.000            0.573191E-05
         385.000            0.210525E-05
         395.000            0.182714E-05
         405.000            0.158690E-05
         415.000            0.100933E-05
         425.000            0.713261E-06
         435.000            0.772207E-06
         445.000            0.988819E-06
         455.000            0.670961E-06
         465.000            0.468321E-07
         475.000            0.131052E-07
         485.000            0.745575E-06
         495.000            0.100000E-19
e

 #          95 : dS/costh1 (fb)
set title "dS/costh1 (fb)"
plot "-" 
        0.500000E-01        0.470876    
        0.150000            0.451326    
        0.250000            0.427989    
        0.350000            0.367595    
        0.450000            0.339223    
        0.550000            0.287636    
        0.650000            0.240344    
        0.750000            0.193883    
        0.850000            0.150339    
        0.950000            0.123140    
e

 #          96 : dS/costh2 (fb)
set title "dS/costh2 (fb)"
plot "-" 
        0.500000E-01        0.456785    
        0.150000            0.467671    
        0.250000            0.417615    
        0.350000            0.390173    
        0.450000            0.339523    
        0.550000            0.284382    
        0.650000            0.244647    
        0.750000            0.195675    
        0.850000            0.149820    
        0.950000            0.106060    
e

 #          97 : dS/costhstar (fb)
set title "dS/costhstar (fb)"
plot "-" 
        0.500000E-01        0.345773    
        0.150000            0.342299    
        0.250000            0.349638    
        0.350000            0.354705    
        0.450000            0.324735    
        0.550000            0.302175    
        0.650000            0.289708    
        0.750000            0.258010    
        0.850000            0.240809    
        0.950000            0.244499    
e

 #          98 : dS/cosphitilde (fb)
set title "dS/cosphitilde (fb)"
plot "-" 
        0.500000E-01        0.284347    
        0.150000            0.277580    
        0.250000            0.262056    
        0.350000            0.286384    
        0.450000            0.258401    
        0.550000            0.274174    
        0.650000            0.269398    
        0.750000            0.266856    
        0.850000            0.289670    
        0.950000            0.583485    
e

 #          99 : dS/cosphi (fb)
set title "dS/cosphi (fb)"
plot "-" 
        0.500000E-01        0.348109    
        0.150000            0.332656    
        0.250000            0.319264    
        0.350000            0.344231    
        0.450000            0.328054    
        0.550000            0.316905    
        0.650000            0.308160    
        0.750000            0.277705    
        0.850000            0.257074    
        0.950000            0.220194    
e

 #         100 : dS/costhstar2 (fb)
set title "dS/costhstar2 (fb)"
plot "-" 
        0.500000E-01        0.295002    
        0.150000            0.295209    
        0.250000            0.292074    
        0.350000            0.290852    
        0.450000            0.320237    
        0.550000            0.322391    
        0.650000            0.341765    
        0.750000            0.364734    
        0.850000            0.447695    
        0.950000            0.944898    
e

 #         105 : dS/dmZZ (fb/GeV)
set title "dS/dmZZ (fb/GeV)"
plot "-" 
         10.0000            0.100000E-19
         30.0000            0.100000E-19
         50.0000            0.100000E-19
         70.0000            0.100000E-19
         90.0000            0.100000E-19
         110.000            0.100000E-19
         130.000            0.107061E-01
         150.000            0.643618E-05
         170.000            0.143048E-04
         190.000            0.115869E-03
         210.000            0.153981E-03
         230.000            0.165030E-03
         250.000            0.162619E-03
         270.000            0.170768E-03
         290.000            0.170950E-03
         310.000            0.175973E-03
         330.000            0.201438E-03
         350.000            0.230185E-03
         370.000            0.264018E-03
         390.000            0.254258E-03
         410.000            0.251942E-03
         430.000            0.240152E-03
         450.000            0.202583E-03
         470.000            0.177595E-03
         490.000            0.164892E-03
         510.000            0.173489E-03
         530.000            0.128513E-03
         550.000            0.120260E-03
         570.000            0.117780E-03
         590.000            0.106322E-03
         610.000            0.961819E-04
         630.000            0.793494E-04
         650.000            0.729644E-04
         670.000            0.628554E-04
         690.000            0.489485E-04
         710.000            0.662450E-04
         730.000            0.387901E-04
         750.000            0.387657E-04
         770.000            0.273922E-04
         790.000            0.315686E-04
         810.000            0.231141E-04
         830.000            0.269759E-04
         850.000            0.254100E-04
         870.000            0.195866E-04
         890.000            0.178031E-04
         910.000            0.158458E-04
         930.000            0.116865E-04
         950.000            0.125220E-04
         970.000            0.100242E-04
         990.000            0.588609E-05
e

 #         106 : dS/dmTZLm (fb/GeV)
set title "dS/dmTZLm (fb/GeV)"
plot "-" 
         10.0000            0.101119E-02
         30.0000            0.376079E-02
         50.0000            0.127749E-02
         70.0000            0.124197E-02
         90.0000            0.780444E-02
         110.000            0.134392E-03
         130.000            0.178321E-04
         150.000            0.671822E-05
         170.000            0.233830E-05
         190.000            0.110227E-05
         210.000            0.791581E-06
         230.000            0.154985E-05
         250.000            0.663511E-06
         270.000            0.256372E-06
         290.000            0.136001E-06
         310.000            0.524457E-07
         330.000            0.100000E-19
         350.000            0.100000E-19
         370.000            0.938318E-09
         390.000            0.260212E-07
         410.000            0.100000E-19
         430.000            0.104317E-07
         450.000            0.100000E-19
         470.000            0.100000E-19
         490.000            0.100000E-19
         510.000            0.100000E-19
         530.000            0.100000E-19
         550.000            0.100000E-19
         570.000            0.100000E-19
         590.000            0.100000E-19
         610.000            0.100000E-19
         630.000            0.100000E-19
         650.000            0.100000E-19
         670.000            0.100000E-19
         690.000            0.100000E-19
         710.000            0.100000E-19
         730.000            0.100000E-19
         750.000            0.100000E-19
         770.000            0.100000E-19
         790.000            0.100000E-19
         810.000            0.100000E-19
         830.000            0.100000E-19
         850.000            0.100000E-19
         870.000            0.100000E-19
         890.000            0.100000E-19
         910.000            0.100000E-19
         930.000            0.162875E-10
         950.000            0.100000E-19
         970.000            0.100000E-19
         990.000            0.100000E-19
e

 #         107 : dS/dmlll (fb/GeV)
set title "dS/dmlll (fb/GeV)"
plot "-" 
         10.0000            0.967228E-03
         30.0000            0.350294E-02
         50.0000            0.134775E-02
         70.0000            0.121643E-02
         90.0000            0.806137E-02
         110.000            0.129835E-03
         130.000            0.221385E-04
         150.000            0.622955E-05
         170.000            0.360285E-05
         190.000            0.175808E-05
         210.000            0.526042E-06
         230.000            0.262413E-06
         250.000            0.150742E-06
         270.000            0.844105E-06
         290.000            0.197135E-06
         310.000            0.219472E-07
         330.000            0.367663E-07
         350.000            0.228296E-06
         370.000            0.100000E-19
         390.000            0.209956E-06
         410.000            0.100000E-19
         430.000            0.100000E-19
         450.000            0.100000E-19
         470.000            0.100000E-19
         490.000            0.100000E-19
         510.000            0.100000E-19
         530.000            0.100000E-19
         550.000            0.100000E-19
         570.000            0.100000E-19
         590.000            0.100000E-19
         610.000            0.100000E-19
         630.000            0.100000E-19
         650.000            0.100000E-19
         670.000            0.100000E-19
         690.000            0.100000E-19
         710.000            0.100000E-19
         730.000            0.100000E-19
         750.000            0.100000E-19
         770.000            0.100000E-19
         790.000            0.100000E-19
         810.000            0.100000E-19
         830.000            0.100000E-19
         850.000            0.535780E-11
         870.000            0.100000E-19
         890.000            0.100000E-19
         910.000            0.100000E-19
         930.000            0.100000E-19
         950.000            0.100000E-19
         970.000            0.100000E-19
         990.000            0.100000E-19
e

 #          10 : d2S/dcthetastar mzz
set view map
set size 3.9/5.0,3.4/3.0
unset surface
set style data pm3d
set style function pm3d
set pm3d implicit at b
set title "d2S/dcthetastar mzz"
set xlabel "cthetas"
set ylabel "mzz"
set palette rgbformulae 30,31,32 negative
splot "-" 
        0.500000E-01         25.0000             0.00000    
        0.500000E-01         75.0000             0.00000    
        0.500000E-01         125.000             0.00000    
        0.500000E-01         175.000            0.599212E-03
        0.500000E-01         225.000            0.617083E-05
        0.500000E-01         275.000            0.186558E-04
        0.500000E-01         325.000            0.240853E-04
        0.500000E-01         375.000            0.256396E-04
        0.500000E-01         425.000            0.404107E-04
        0.500000E-01         475.000            0.372370E-04
        0.500000E-01         525.000            0.408195E-04
        0.500000E-01         575.000            0.209745E-04
        0.500000E-01         625.000            0.157615E-04
        0.500000E-01         675.000            0.106602E-04
        0.500000E-01         725.000            0.691759E-05
        0.500000E-01         775.000            0.676765E-05
        0.500000E-01         825.000            0.536793E-05
        0.500000E-01         875.000            0.350698E-05
        0.500000E-01         925.000            0.169959E-05
        0.500000E-01         975.000            0.119409E-05
 
        0.150000             25.0000             0.00000    
        0.150000             75.0000             0.00000    
        0.150000             125.000             0.00000    
        0.150000             175.000            0.415257E-02
        0.150000             225.000            0.486687E-04
        0.150000             275.000            0.159915E-03
        0.150000             325.000            0.183485E-03
        0.150000             375.000            0.214967E-03
        0.150000             425.000            0.280904E-03
        0.150000             475.000            0.228056E-03
        0.150000             525.000            0.187457E-03
        0.150000             575.000            0.148425E-03
        0.150000             625.000            0.134236E-03
        0.150000             675.000            0.875342E-04
        0.150000             725.000            0.594000E-04
        0.150000             775.000            0.522037E-04
        0.150000             825.000            0.307113E-04
        0.150000             875.000            0.265902E-04
        0.150000             925.000            0.160818E-04
        0.150000             975.000            0.742259E-05
 
        0.250000             25.0000             0.00000    
        0.250000             75.0000             0.00000    
        0.250000             125.000             0.00000    
        0.250000             175.000            0.474030E-02
        0.250000             225.000            0.603158E-04
        0.250000             275.000            0.179879E-03
        0.250000             325.000            0.213986E-03
        0.250000             375.000            0.244134E-03
        0.250000             425.000            0.300416E-03
        0.250000             475.000            0.276893E-03
        0.250000             525.000            0.194559E-03
        0.250000             575.000            0.162070E-03
        0.250000             625.000            0.132892E-03
        0.250000             675.000            0.977117E-04
        0.250000             725.000            0.728861E-04
        0.250000             775.000            0.797099E-04
        0.250000             825.000            0.310724E-04
        0.250000             875.000            0.283406E-04
        0.250000             925.000            0.156941E-04
        0.250000             975.000            0.128494E-04
 
        0.350000             25.0000             0.00000    
        0.350000             75.0000             0.00000    
        0.350000             125.000             0.00000    
        0.350000             175.000            0.481665E-02
        0.350000             225.000            0.595978E-04
        0.350000             275.000            0.158796E-03
        0.350000             325.000            0.192384E-03
        0.350000             375.000            0.251733E-03
        0.350000             425.000            0.292890E-03
        0.350000             475.000            0.279810E-03
        0.350000             525.000            0.207463E-03
        0.350000             575.000            0.174199E-03
        0.350000             625.000            0.127148E-03
        0.350000             675.000            0.107580E-03
        0.350000             725.000            0.615520E-04
        0.350000             775.000            0.583453E-04
        0.350000             825.000            0.389922E-04
        0.350000             875.000            0.335436E-04
        0.350000             925.000            0.192465E-04
        0.350000             975.000            0.151409E-04
 
        0.450000             25.0000             0.00000    
        0.450000             75.0000             0.00000    
        0.450000             125.000             0.00000    
        0.450000             175.000            0.494047E-02
        0.450000             225.000            0.568812E-04
        0.450000             275.000            0.162118E-03
        0.450000             325.000            0.194771E-03
        0.450000             375.000            0.229343E-03
        0.450000             425.000            0.290096E-03
        0.450000             475.000            0.250190E-03
        0.450000             525.000            0.210873E-03
        0.450000             575.000            0.169565E-03
        0.450000             625.000            0.124695E-03
        0.450000             675.000            0.105676E-03
        0.450000             725.000            0.740216E-04
        0.450000             775.000            0.529607E-04
        0.450000             825.000            0.355230E-04
        0.450000             875.000            0.271267E-04
        0.450000             925.000            0.196310E-04
        0.450000             975.000            0.138878E-04
 
        0.550000             25.0000             0.00000    
        0.550000             75.0000             0.00000    
        0.550000             125.000             0.00000    
        0.550000             175.000            0.467664E-02
        0.550000             225.000            0.601715E-04
        0.550000             275.000            0.177326E-03
        0.550000             325.000            0.167587E-03
        0.550000             375.000            0.195981E-03
        0.550000             425.000            0.264549E-03
        0.550000             475.000            0.288967E-03
        0.550000             525.000            0.206073E-03
        0.550000             575.000            0.171817E-03
        0.550000             625.000            0.125039E-03
        0.550000             675.000            0.105213E-03
        0.550000             725.000            0.827028E-04
        0.550000             775.000            0.437941E-04
        0.550000             825.000            0.281073E-04
        0.550000             875.000            0.255096E-04
        0.550000             925.000            0.302859E-04
        0.550000             975.000            0.178416E-04
 
        0.650000             25.0000             0.00000    
        0.650000             75.0000             0.00000    
        0.650000             125.000             0.00000    
        0.650000             175.000            0.414846E-02
        0.650000             225.000            0.506086E-04
        0.650000             275.000            0.156914E-03
        0.650000             325.000            0.164215E-03
        0.650000             375.000            0.200002E-03
        0.650000             425.000            0.260250E-03
        0.650000             475.000            0.256893E-03
        0.650000             525.000            0.205246E-03
        0.650000             575.000            0.159583E-03
        0.650000             625.000            0.122386E-03
        0.650000             675.000            0.997918E-04
        0.650000             725.000            0.609726E-04
        0.650000             775.000            0.396749E-04
        0.650000             825.000            0.317053E-04
        0.650000             875.000            0.280710E-04
        0.650000             925.000            0.270213E-04
        0.650000             975.000            0.167442E-04
 
        0.750000             25.0000             0.00000    
        0.750000             75.0000             0.00000    
        0.750000             125.000             0.00000    
        0.750000             175.000            0.391530E-02
        0.750000             225.000            0.503568E-04
        0.750000             275.000            0.153253E-03
        0.750000             325.000            0.141842E-03
        0.750000             375.000            0.175565E-03
        0.750000             425.000            0.225302E-03
        0.750000             475.000            0.241818E-03
        0.750000             525.000            0.184392E-03
        0.750000             575.000            0.129599E-03
        0.750000             625.000            0.117702E-03
        0.750000             675.000            0.804555E-04
        0.750000             725.000            0.683301E-04
        0.750000             775.000            0.442881E-04
        0.750000             825.000            0.304421E-04
        0.750000             875.000            0.319124E-04
        0.750000             925.000            0.246893E-04
        0.750000             975.000            0.162068E-04
 
        0.850000             25.0000             0.00000    
        0.850000             75.0000             0.00000    
        0.850000             125.000             0.00000    
        0.850000             175.000            0.363503E-02
        0.850000             225.000            0.598972E-04
        0.850000             275.000            0.162343E-03
        0.850000             325.000            0.152190E-03
        0.850000             375.000            0.155703E-03
        0.850000             425.000            0.198045E-03
        0.850000             475.000            0.194717E-03
        0.850000             525.000            0.149625E-03
        0.850000             575.000            0.123974E-03
        0.850000             625.000            0.106532E-03
        0.850000             675.000            0.711501E-04
        0.850000             725.000            0.612747E-04
        0.850000             775.000            0.386710E-04
        0.850000             825.000            0.295682E-04
        0.850000             875.000            0.249766E-04
        0.850000             925.000            0.218975E-04
        0.850000             975.000            0.156022E-04
 
        0.950000             25.0000             0.00000    
        0.950000             75.0000             0.00000    
        0.950000             125.000             0.00000    
        0.950000             175.000            0.341183E-02
        0.950000             225.000            0.585428E-04
        0.950000             275.000            0.127895E-03
        0.950000             325.000            0.133225E-03
        0.950000             375.000            0.148720E-03
        0.950000             425.000            0.206301E-03
        0.950000             475.000            0.174946E-03
        0.950000             525.000            0.124558E-03
        0.950000             575.000            0.103580E-03
        0.950000             625.000            0.812228E-04
        0.950000             675.000            0.550808E-04
        0.950000             725.000            0.450378E-04
        0.950000             775.000            0.343751E-04
        0.950000             825.000            0.295667E-04
        0.950000             875.000            0.194002E-04
        0.950000             925.000            0.180071E-04
        0.950000             975.000            0.138300E-04
 
e
