set output "bsm.1.ps"
set terminal postscript color
set style data histeps
set key off

 #          39 : dS/deta_l (fb)
set title "dS/deta_l (fb)"
plot "-" 
        -4.90000            0.100000E-19
        -4.70000            0.100000E-19
        -4.50000            0.100000E-19
        -4.30000            0.100000E-19
        -4.10000            0.100000E-19
        -3.90000            0.100000E-19
        -3.70000            0.100000E-19
        -3.50000            0.100000E-19
        -3.30000            0.100000E-19
        -3.10000            0.100000E-19
        -2.90000            0.100000E-19
        -2.70000            0.100000E-19
        -2.50000            0.743234E-02
        -2.30000            0.243938E-01
        -2.10000            0.279865E-01
        -1.90000            0.337702E-01
        -1.70000            0.424489E-01
        -1.50000            0.486600E-01
        -1.30000            0.610448E-01
        -1.10000            0.655130E-01
       -0.900000            0.792245E-01
       -0.700000            0.838790E-01
       -0.500000            0.878674E-01
       -0.300000            0.965983E-01
       -0.100000            0.886735E-01
        0.100000            0.917426E-01
        0.300000            0.859079E-01
        0.500000            0.875711E-01
        0.700000            0.815048E-01
        0.900000            0.766651E-01
         1.10000            0.675633E-01
         1.30000            0.636253E-01
         1.50000            0.478935E-01
         1.70000            0.451625E-01
         1.90000            0.381526E-01
         2.10000            0.271612E-01
         2.30000            0.211402E-01
         2.50000            0.727748E-02
         2.70000            0.100000E-19
         2.90000            0.100000E-19
         3.10000            0.100000E-19
         3.30000            0.100000E-19
         3.50000            0.100000E-19
         3.70000            0.100000E-19
         3.90000            0.100000E-19
         4.10000            0.100000E-19
         4.30000            0.100000E-19
         4.50000            0.100000E-19
         4.70000            0.100000E-19
         4.90000            0.100000E-19
e

 #          40 : dS/dR_l1l2 (fb)
set title "dS/dR_l1l2 (fb)"
plot "-" 
        0.600000E-01        0.100000E-19
        0.180000            0.100000E-19
        0.300000            0.100000E-19
        0.420000            0.208049E-01
        0.540000            0.459033E-01
        0.660000            0.693138E-01
        0.780000            0.812594E-01
        0.900000            0.863583E-01
         1.02000            0.914520E-01
         1.14000            0.890516E-01
         1.26000            0.831758E-01
         1.38000            0.779993E-01
         1.50000            0.759552E-01
         1.62000            0.695378E-01
         1.74000            0.681164E-01
         1.86000            0.705378E-01
         1.98000            0.674557E-01
         2.10000            0.705599E-01
         2.22000            0.776725E-01
         2.34000            0.788010E-01
         2.46000            0.875562E-01
         2.58000            0.103872    
         2.70000            0.127496    
         2.82000            0.153017    
         2.94000            0.171907    
         3.06000            0.211606    
         3.18000            0.159101    
         3.30000            0.852673E-01
         3.42000            0.517995E-01
         3.54000            0.342267E-01
         3.66000            0.239720E-01
         3.78000            0.162869E-01
         3.90000            0.111400E-01
         4.02000            0.853454E-02
         4.14000            0.373818E-02
         4.26000            0.399244E-02
         4.38000            0.137177E-02
         4.50000            0.107433E-02
         4.62000            0.431381E-03
         4.74000            0.821242E-03
         4.86000            0.112734E-03
         4.98000            0.119863E-03
         5.10000            0.351199E-04
         5.22000            0.100000E-19
         5.34000            0.100000E-19
         5.46000            0.100000E-19
         5.58000            0.100000E-19
         5.70000            0.100000E-19
         5.82000            0.100000E-19
         5.94000            0.100000E-19
e

 #          41 : dS/dR_l1l3 (fb)
set title "dS/dR_l1l3 (fb)"
plot "-" 
        0.600000E-01        0.100000E-19
        0.180000            0.100000E-19
        0.300000            0.100000E-19
        0.420000            0.206376E-01
        0.540000            0.404288E-01
        0.660000            0.468133E-01
        0.780000            0.533573E-01
        0.900000            0.563159E-01
         1.02000            0.664433E-01
         1.14000            0.658677E-01
         1.26000            0.685136E-01
         1.38000            0.730157E-01
         1.50000            0.747877E-01
         1.62000            0.739305E-01
         1.74000            0.877278E-01
         1.86000            0.880113E-01
         1.98000            0.100067    
         2.10000            0.980539E-01
         2.22000            0.111927    
         2.34000            0.115581    
         2.46000            0.122428    
         2.58000            0.139480    
         2.70000            0.152556    
         2.82000            0.154785    
         2.94000            0.172473    
         3.06000            0.176206    
         3.18000            0.132735    
         3.30000            0.620222E-01
         3.42000            0.412322E-01
         3.54000            0.245727E-01
         3.66000            0.210255E-01
         3.78000            0.131352E-01
         3.90000            0.922242E-02
         4.02000            0.649509E-02
         4.14000            0.359338E-02
         4.26000            0.274597E-02
         4.38000            0.171645E-02
         4.50000            0.884158E-03
         4.62000            0.540876E-03
         4.74000            0.590993E-03
         4.86000            0.482276E-03
         4.98000            0.460748E-03
         5.10000            0.412109E-03
         5.22000            0.271700E-04
         5.34000            0.739749E-05
         5.46000            0.122239E-03
         5.58000            0.101844E-05
         5.70000            0.100000E-19
         5.82000            0.100000E-19
         5.94000            0.100000E-19
e

 #          42 : dS/dR_l1l4 (fb)
set title "dS/dR_l1l4 (fb)"
plot "-" 
        0.600000E-01        0.100000E-19
        0.180000            0.100000E-19
        0.300000            0.100000E-19
        0.420000            0.229605E-01
        0.540000            0.412119E-01
        0.660000            0.476584E-01
        0.780000            0.542497E-01
        0.900000            0.623113E-01
         1.02000            0.627693E-01
         1.14000            0.692542E-01
         1.26000            0.746789E-01
         1.38000            0.788998E-01
         1.50000            0.798894E-01
         1.62000            0.837766E-01
         1.74000            0.909667E-01
         1.86000            0.902654E-01
         1.98000            0.964025E-01
         2.10000            0.924034E-01
         2.22000            0.109212    
         2.34000            0.112098    
         2.46000            0.122403    
         2.58000            0.127817    
         2.70000            0.144006    
         2.82000            0.160732    
         2.94000            0.166577    
         3.06000            0.175661    
         3.18000            0.125540    
         3.30000            0.643411E-01
         3.42000            0.402906E-01
         3.54000            0.295779E-01
         3.66000            0.162891E-01
         3.78000            0.107115E-01
         3.90000            0.975832E-02
         4.02000            0.571966E-02
         4.14000            0.346941E-02
         4.26000            0.318379E-02
         4.38000            0.196661E-02
         4.50000            0.111142E-02
         4.62000            0.143441E-02
         4.74000            0.644715E-03
         4.86000            0.576606E-03
         4.98000            0.379118E-04
         5.10000            0.210955E-03
         5.22000            0.191594E-03
         5.34000            0.173753E-03
         5.46000            0.126415E-07
         5.58000            0.100000E-19
         5.70000            0.100000E-19
         5.82000            0.100000E-19
         5.94000            0.100000E-19
e

 #          43 : dS/dR_l2l3 (fb)
set title "dS/dR_l2l3 (fb)"
plot "-" 
        0.600000E-01        0.100000E-19
        0.180000            0.100000E-19
        0.300000            0.100000E-19
        0.420000            0.202883E-01
        0.540000            0.413512E-01
        0.660000            0.455720E-01
        0.780000            0.488465E-01
        0.900000            0.620879E-01
         1.02000            0.712339E-01
         1.14000            0.692543E-01
         1.26000            0.768250E-01
         1.38000            0.733650E-01
         1.50000            0.812757E-01
         1.62000            0.883044E-01
         1.74000            0.876704E-01
         1.86000            0.895593E-01
         1.98000            0.900273E-01
         2.10000            0.957737E-01
         2.22000            0.107055    
         2.34000            0.112681    
         2.46000            0.122475    
         2.58000            0.131455    
         2.70000            0.138293    
         2.82000            0.159712    
         2.94000            0.170635    
         3.06000            0.174380    
         3.18000            0.125735    
         3.30000            0.670613E-01
         3.42000            0.432391E-01
         3.54000            0.294301E-01
         3.66000            0.177180E-01
         3.78000            0.129919E-01
         3.90000            0.816495E-02
         4.02000            0.565825E-02
         4.14000            0.477353E-02
         4.26000            0.354562E-02
         4.38000            0.133081E-02
         4.50000            0.136589E-02
         4.62000            0.118097E-02
         4.74000            0.493174E-03
         4.86000            0.191055E-03
         4.98000            0.273945E-03
         5.10000            0.147586E-03
         5.22000            0.816441E-05
         5.34000            0.599419E-06
         5.46000            0.180489E-05
         5.58000            0.100000E-19
         5.70000            0.100000E-19
         5.82000            0.100000E-19
         5.94000            0.100000E-19
e

 #          44 : dS/dR_l2l4 (fb)
set title "dS/dR_l2l4 (fb)"
plot "-" 
        0.600000E-01        0.100000E-19
        0.180000            0.100000E-19
        0.300000            0.100000E-19
        0.420000            0.199571E-01
        0.540000            0.377290E-01
        0.660000            0.442230E-01
        0.780000            0.491164E-01
        0.900000            0.600236E-01
         1.02000            0.659272E-01
         1.14000            0.632388E-01
         1.26000            0.674849E-01
         1.38000            0.714120E-01
         1.50000            0.788045E-01
         1.62000            0.853166E-01
         1.74000            0.906905E-01
         1.86000            0.942120E-01
         1.98000            0.962262E-01
         2.10000            0.999284E-01
         2.22000            0.102967    
         2.34000            0.112579    
         2.46000            0.120535    
         2.58000            0.145337    
         2.70000            0.142274    
         2.82000            0.150832    
         2.94000            0.182929    
         3.06000            0.172867    
         3.18000            0.130788    
         3.30000            0.718051E-01
         3.42000            0.402234E-01
         3.54000            0.250201E-01
         3.66000            0.181147E-01
         3.78000            0.122249E-01
         3.90000            0.814252E-02
         4.02000            0.787944E-02
         4.14000            0.359550E-02
         4.26000            0.288049E-02
         4.38000            0.186859E-02
         4.50000            0.141967E-02
         4.62000            0.109876E-02
         4.74000            0.233589E-03
         4.86000            0.237702E-03
         4.98000            0.774538E-03
         5.10000            0.923927E-04
         5.22000            0.286906E-03
         5.34000            0.121580E-03
         5.46000            0.158303E-04
         5.58000            0.100000E-19
         5.70000            0.713178E-08
         5.82000            0.100000E-19
         5.94000            0.100000E-19
e

 #          45 : dS/dR_l3l4 (fb)
set title "dS/dR_l3l4 (fb)"
plot "-" 
        0.600000E-01        0.100000E-19
        0.180000            0.100000E-19
        0.300000            0.100000E-19
        0.420000            0.184095E-01
        0.540000            0.458942E-01
        0.660000            0.701238E-01
        0.780000            0.788816E-01
        0.900000            0.830018E-01
         1.02000            0.912259E-01
         1.14000            0.873006E-01
         1.26000            0.843461E-01
         1.38000            0.777690E-01
         1.50000            0.727075E-01
         1.62000            0.719329E-01
         1.74000            0.667096E-01
         1.86000            0.673856E-01
         1.98000            0.635675E-01
         2.10000            0.689680E-01
         2.22000            0.744235E-01
         2.34000            0.795744E-01
         2.46000            0.824717E-01
         2.58000            0.106081    
         2.70000            0.138046    
         2.82000            0.162158    
         2.94000            0.181851    
         3.06000            0.197310    
         3.18000            0.157920    
         3.30000            0.867855E-01
         3.42000            0.500299E-01
         3.54000            0.367257E-01
         3.66000            0.255755E-01
         3.78000            0.177321E-01
         3.90000            0.139305E-01
         4.02000            0.856475E-02
         4.14000            0.430755E-02
         4.26000            0.307658E-02
         4.38000            0.295577E-02
         4.50000            0.140032E-02
         4.62000            0.124429E-02
         4.74000            0.672356E-03
         4.86000            0.168417E-03
         4.98000            0.873720E-04
         5.10000            0.117729E-03
         5.22000            0.100000E-19
         5.34000            0.100000E-19
         5.46000            0.100000E-19
         5.58000            0.100000E-19
         5.70000            0.100000E-19
         5.82000            0.100000E-19
         5.94000            0.100000E-19
e

 #          46 : dS/r1
set title "dS/r1"
plot "-" 
        0.250000E-01        0.423363    
        0.750000E-01        0.389653    
        0.125000            0.421054    
        0.175000            0.396580    
        0.225000            0.426756    
        0.275000            0.419493    
        0.325000            0.430996    
        0.375000            0.420809    
        0.425000            0.422501    
        0.475000            0.425304    
        0.525000             1.77846    
        0.575000            0.468228E-03
        0.625000            0.597199E-07
        0.675000            0.171163E-07
        0.725000            0.100000E-19
        0.775000            0.100000E-19
        0.825000            0.100000E-19
        0.875000            0.100000E-19
        0.925000            0.100000E-19
        0.975000            0.100000E-19
e

 #          47 : dS/r2
set title "dS/r2"
plot "-" 
        0.250000E-01         3.00130    
        0.750000E-01        0.260532    
        0.125000            0.213679    
        0.175000            0.188210    
        0.225000            0.165158    
        0.275000            0.165399    
        0.325000            0.159149    
        0.375000            0.154398    
        0.425000            0.163130    
        0.475000            0.168352    
        0.525000            0.161298    
        0.575000            0.151963    
        0.625000            0.151915    
        0.675000            0.143213    
        0.725000            0.145583    
        0.775000            0.139704    
        0.825000            0.129497    
        0.875000            0.124144    
        0.925000            0.923539E-01
        0.975000            0.764673E-01
e

 #          48 : dS/r3
set title "dS/r3"
plot "-" 
        0.250000E-01         2.94842    
        0.750000E-01        0.272173    
        0.125000            0.213683    
        0.175000            0.194810    
        0.225000            0.179814    
        0.275000            0.169801    
        0.325000            0.163206    
        0.375000            0.167249    
        0.425000            0.154103    
        0.475000            0.161521    
        0.525000            0.158995    
        0.575000            0.148029    
        0.625000            0.141194    
        0.675000            0.144022    
        0.725000            0.150846    
        0.775000            0.139719    
        0.825000            0.134414    
        0.875000            0.131577    
        0.925000            0.105869    
        0.975000            0.759998E-01
e

 #          49 : dS/r4
set title "dS/r4"
plot "-" 
        0.250000E-01        0.100000E-19
        0.750000E-01        0.133631E-05
        0.125000            0.104838E-03
        0.175000            0.185539E-02
        0.225000            0.273318E-01
        0.275000            0.110084    
        0.325000            0.390860    
        0.375000            0.664780    
        0.425000            0.848672    
        0.475000            0.916513    
        0.525000            0.924352    
        0.575000            0.867554    
        0.625000            0.669785    
        0.675000            0.387441    
        0.725000            0.127305    
        0.775000            0.171721E-01
        0.825000            0.126327E-02
        0.875000            0.364198E-03
        0.925000            0.100000E-19
        0.975000            0.100000E-19
e

 #          91 : dS/dpTl1 (fb)
set title "dS/dpTl1 (fb)"
plot "-" 
         5.00000            0.100000E-19
         15.0000            0.942109E-02
         25.0000            0.438935E-02
         35.0000            0.466371E-02
         45.0000            0.426163E-02
         55.0000            0.135561E-02
         65.0000            0.744110E-03
         75.0000            0.662883E-03
         85.0000            0.555139E-03
         95.0000            0.574864E-03
         105.000            0.485370E-03
         115.000            0.385136E-03
         125.000            0.336755E-03
         135.000            0.319461E-03
         145.000            0.286826E-03
         155.000            0.227356E-03
         165.000            0.197605E-03
         175.000            0.141082E-03
         185.000            0.151319E-03
         195.000            0.894339E-04
         205.000            0.970580E-04
         215.000            0.860339E-04
         225.000            0.576243E-04
         235.000            0.489554E-04
         245.000            0.400943E-04
         255.000            0.259253E-04
         265.000            0.310598E-04
         275.000            0.245103E-04
         285.000            0.212738E-04
         295.000            0.196384E-04
         305.000            0.112073E-04
         315.000            0.158051E-04
         325.000            0.891353E-05
         335.000            0.849992E-05
         345.000            0.517192E-05
         355.000            0.109012E-04
         365.000            0.307256E-05
         375.000            0.194942E-05
         385.000            0.247541E-05
         395.000            0.187546E-05
         405.000            0.901559E-06
         415.000            0.130307E-05
         425.000            0.605816E-06
         435.000            0.888435E-06
         445.000            0.359747E-06
         455.000            0.149264E-06
         465.000            0.989199E-06
         475.000            0.814644E-07
         485.000            0.830824E-06
         495.000            0.118477E-06
e

 #          92 : dS/dpTl2 (fb)
set title "dS/dpTl2 (fb)"
plot "-" 
         5.00000            0.100000E-19
         15.0000            0.936896E-02
         25.0000            0.453026E-02
         35.0000            0.464264E-02
         45.0000            0.417624E-02
         55.0000            0.145932E-02
         65.0000            0.683738E-03
         75.0000            0.633354E-03
         85.0000            0.612587E-03
         95.0000            0.571386E-03
         105.000            0.458035E-03
         115.000            0.384218E-03
         125.000            0.350354E-03
         135.000            0.287931E-03
         145.000            0.276894E-03
         155.000            0.240762E-03
         165.000            0.207372E-03
         175.000            0.153562E-03
         185.000            0.130428E-03
         195.000            0.112469E-03
         205.000            0.801554E-04
         215.000            0.718081E-04
         225.000            0.668519E-04
         235.000            0.562942E-04
         245.000            0.371844E-04
         255.000            0.282572E-04
         265.000            0.224765E-04
         275.000            0.233851E-04
         285.000            0.231888E-04
         295.000            0.140303E-04
         305.000            0.139336E-04
         315.000            0.110780E-04
         325.000            0.992891E-05
         335.000            0.812075E-05
         345.000            0.727654E-05
         355.000            0.521268E-05
         365.000            0.284230E-05
         375.000            0.187447E-05
         385.000            0.149475E-05
         395.000            0.122994E-05
         405.000            0.207716E-05
         415.000            0.105835E-05
         425.000            0.732505E-06
         435.000            0.296730E-06
         445.000            0.363926E-05
         455.000            0.300570E-06
         465.000            0.111744E-05
         475.000            0.913690E-07
         485.000            0.362630E-06
         495.000            0.264441E-07
e

 #          93 : dS/dpTl3 (fb)
set title "dS/dpTl3 (fb)"
plot "-" 
         5.00000            0.100000E-19
         15.0000            0.926625E-02
         25.0000            0.439140E-02
         35.0000            0.469882E-02
         45.0000            0.438353E-02
         55.0000            0.142060E-02
         65.0000            0.716140E-03
         75.0000            0.640559E-03
         85.0000            0.633083E-03
         95.0000            0.483568E-03
         105.000            0.487539E-03
         115.000            0.407049E-03
         125.000            0.364535E-03
         135.000            0.291199E-03
         145.000            0.282711E-03
         155.000            0.214736E-03
         165.000            0.186579E-03
         175.000            0.145673E-03
         185.000            0.119675E-03
         195.000            0.119477E-03
         205.000            0.100539E-03
         215.000            0.676059E-04
         225.000            0.552479E-04
         235.000            0.462242E-04
         245.000            0.599201E-04
         255.000            0.362954E-04
         265.000            0.251392E-04
         275.000            0.242194E-04
         285.000            0.178258E-04
         295.000            0.123357E-04
         305.000            0.125442E-04
         315.000            0.173534E-04
         325.000            0.109920E-04
         335.000            0.670105E-05
         345.000            0.690551E-05
         355.000            0.740798E-05
         365.000            0.343965E-05
         375.000            0.298778E-05
         385.000            0.255999E-05
         395.000            0.965678E-06
         405.000            0.100730E-05
         415.000            0.644725E-06
         425.000            0.579070E-06
         435.000            0.208886E-06
         445.000            0.336599E-05
         455.000            0.501139E-06
         465.000            0.132871E-06
         475.000            0.862075E-07
         485.000            0.414543E-07
         495.000            0.129569E-07
e

 #          94 : dS/dpTl4 (fb)
set title "dS/dpTl4 (fb)"
plot "-" 
         5.00000            0.100000E-19
         15.0000            0.913648E-02
         25.0000            0.442837E-02
         35.0000            0.473652E-02
         45.0000            0.439408E-02
         55.0000            0.136436E-02
         65.0000            0.710099E-03
         75.0000            0.660586E-03
         85.0000            0.631713E-03
         95.0000            0.527842E-03
         105.000            0.470861E-03
         115.000            0.399131E-03
         125.000            0.367198E-03
         135.000            0.338058E-03
         145.000            0.264580E-03
         155.000            0.248002E-03
         165.000            0.183742E-03
         175.000            0.168674E-03
         185.000            0.136095E-03
         195.000            0.108386E-03
         205.000            0.980640E-04
         215.000            0.699575E-04
         225.000            0.629273E-04
         235.000            0.440267E-04
         245.000            0.362519E-04
         255.000            0.338858E-04
         265.000            0.235484E-04
         275.000            0.219726E-04
         285.000            0.202958E-04
         295.000            0.154203E-04
         305.000            0.156947E-04
         315.000            0.110957E-04
         325.000            0.104038E-04
         335.000            0.737844E-05
         345.000            0.616928E-05
         355.000            0.546696E-05
         365.000            0.305146E-05
         375.000            0.553287E-05
         385.000            0.248917E-05
         395.000            0.132893E-05
         405.000            0.102074E-05
         415.000            0.131742E-05
         425.000            0.894261E-06
         435.000            0.667397E-06
         445.000            0.919721E-06
         455.000            0.461251E-06
         465.000            0.549395E-07
         475.000            0.305404E-08
         485.000            0.810750E-06
         495.000            0.305989E-08
e

 #          95 : dS/costh1 (fb)
set title "dS/costh1 (fb)"
plot "-" 
        0.500000E-01        0.460975    
        0.150000            0.443305    
        0.250000            0.419014    
        0.350000            0.363514    
        0.450000            0.330358    
        0.550000            0.282753    
        0.650000            0.240229    
        0.750000            0.190559    
        0.850000            0.145711    
        0.950000            0.101301    
e

 #          96 : dS/costh2 (fb)
set title "dS/costh2 (fb)"
plot "-" 
        0.500000E-01        0.447809    
        0.150000            0.439746    
        0.250000            0.412424    
        0.350000            0.378571    
        0.450000            0.335163    
        0.550000            0.285595    
        0.650000            0.240300    
        0.750000            0.188172    
        0.850000            0.147190    
        0.950000            0.102750    
e

 #          97 : dS/costhstar (fb)
set title "dS/costhstar (fb)"
plot "-" 
        0.500000E-01        0.342079    
        0.150000            0.338854    
        0.250000            0.341328    
        0.350000            0.331538    
        0.450000            0.321087    
        0.550000            0.295944    
        0.650000            0.283846    
        0.750000            0.255023    
        0.850000            0.233747    
        0.950000            0.234273    
e

 #          98 : dS/cosphitilde (fb)
set title "dS/cosphitilde (fb)"
plot "-" 
        0.500000E-01        0.280910    
        0.150000            0.275648    
        0.250000            0.266109    
        0.350000            0.262888    
        0.450000            0.267015    
        0.550000            0.263104    
        0.650000            0.265572    
        0.750000            0.259596    
        0.850000            0.280941    
        0.950000            0.555938    
e

 #          99 : dS/cosphi (fb)
set title "dS/cosphi (fb)"
plot "-" 
        0.500000E-01        0.339498    
        0.150000            0.331613    
        0.250000            0.311692    
        0.350000            0.318318    
        0.450000            0.319680    
        0.550000            0.313309    
        0.650000            0.295819    
        0.750000            0.280920    
        0.850000            0.253265    
        0.950000            0.213607    
e

 #         100 : dS/costhstar2 (fb)
set title "dS/costhstar2 (fb)"
plot "-" 
        0.500000E-01        0.290813    
        0.150000            0.287940    
        0.250000            0.294901    
        0.350000            0.287119    
        0.450000            0.294783    
        0.550000            0.319215    
        0.650000            0.330391    
        0.750000            0.358725    
        0.850000            0.443858    
        0.950000            0.916733    
e

 #         105 : dS/dmZZ (fb/GeV)
set title "dS/dmZZ (fb/GeV)"
plot "-" 
         10.0000            0.100000E-19
         30.0000            0.100000E-19
         50.0000            0.100000E-19
         70.0000            0.100000E-19
         90.0000            0.100000E-19
         110.000            0.100000E-19
         130.000            0.104810E-01
         150.000            0.509301E-05
         170.000            0.129506E-04
         190.000            0.103170E-03
         210.000            0.160865E-03
         230.000            0.152522E-03
         250.000            0.162008E-03
         270.000            0.161315E-03
         290.000            0.164321E-03
         310.000            0.169269E-03
         330.000            0.197755E-03
         350.000            0.222355E-03
         370.000            0.250831E-03
         390.000            0.251977E-03
         410.000            0.245229E-03
         430.000            0.230547E-03
         450.000            0.196531E-03
         470.000            0.165450E-03
         490.000            0.167298E-03
         510.000            0.163951E-03
         530.000            0.131588E-03
         550.000            0.118637E-03
         570.000            0.108346E-03
         590.000            0.106277E-03
         610.000            0.901223E-04
         630.000            0.798383E-04
         650.000            0.669753E-04
         670.000            0.647968E-04
         690.000            0.443271E-04
         710.000            0.642770E-04
         730.000            0.395068E-04
         750.000            0.362920E-04
         770.000            0.292092E-04
         790.000            0.286263E-04
         810.000            0.231290E-04
         830.000            0.244697E-04
         850.000            0.246879E-04
         870.000            0.187128E-04
         890.000            0.186499E-04
         910.000            0.155115E-04
         930.000            0.113687E-04
         950.000            0.982317E-05
         970.000            0.105934E-04
         990.000            0.645707E-05
e

 #         106 : dS/dmTZLm (fb/GeV)
set title "dS/dmTZLm (fb/GeV)"
plot "-" 
         10.0000            0.100368E-02
         30.0000            0.360454E-02
         50.0000            0.126249E-02
         70.0000            0.125034E-02
         90.0000            0.761171E-02
         110.000            0.128056E-03
         130.000            0.157833E-04
         150.000            0.584735E-05
         170.000            0.217005E-05
         190.000            0.101430E-05
         210.000            0.661585E-06
         230.000            0.132133E-05
         250.000            0.575441E-06
         270.000            0.239276E-06
         290.000            0.111956E-06
         310.000            0.387935E-07
         330.000            0.100000E-19
         350.000            0.100000E-19
         370.000            0.100000E-19
         390.000            0.100000E-19
         410.000            0.160299E-07
         430.000            0.726799E-08
         450.000            0.100000E-19
         470.000            0.100000E-19
         490.000            0.100000E-19
         510.000            0.100000E-19
         530.000            0.100000E-19
         550.000            0.100000E-19
         570.000            0.100000E-19
         590.000            0.100000E-19
         610.000            0.100000E-19
         630.000            0.100000E-19
         650.000            0.100000E-19
         670.000            0.100000E-19
         690.000            0.100000E-19
         710.000            0.100000E-19
         730.000            0.100000E-19
         750.000            0.100000E-19
         770.000            0.100000E-19
         790.000            0.100000E-19
         810.000            0.100000E-19
         830.000            0.100000E-19
         850.000            0.100000E-19
         870.000            0.100000E-19
         890.000            0.100000E-19
         910.000            0.100000E-19
         930.000            0.845431E-12
         950.000            0.100000E-19
         970.000            0.100000E-19
         990.000            0.100000E-19
e

 #         107 : dS/dmlll (fb/GeV)
set title "dS/dmlll (fb/GeV)"
plot "-" 
         10.0000            0.951432E-03
         30.0000            0.346253E-02
         50.0000            0.132900E-02
         70.0000            0.120516E-02
         90.0000            0.778087E-02
         110.000            0.125213E-03
         130.000            0.216195E-04
         150.000            0.527942E-05
         170.000            0.324136E-05
         190.000            0.753577E-06
         210.000            0.192780E-05
         230.000            0.227250E-06
         250.000            0.126858E-06
         270.000            0.694419E-06
         290.000            0.322630E-07
         310.000            0.156538E-06
         330.000            0.100000E-19
         350.000            0.198131E-06
         370.000            0.100000E-19
         390.000            0.138368E-06
         410.000            0.100000E-19
         430.000            0.100000E-19
         450.000            0.100000E-19
         470.000            0.100000E-19
         490.000            0.100000E-19
         510.000            0.100000E-19
         530.000            0.100000E-19
         550.000            0.100000E-19
         570.000            0.100000E-19
         590.000            0.100000E-19
         610.000            0.100000E-19
         630.000            0.100000E-19
         650.000            0.100000E-19
         670.000            0.100000E-19
         690.000            0.100000E-19
         710.000            0.100000E-19
         730.000            0.100000E-19
         750.000            0.100000E-19
         770.000            0.100000E-19
         790.000            0.100000E-19
         810.000            0.100000E-19
         830.000            0.100000E-19
         850.000            0.638861E-12
         870.000            0.100000E-19
         890.000            0.100000E-19
         910.000            0.100000E-19
         930.000            0.100000E-19
         950.000            0.100000E-19
         970.000            0.100000E-19
         990.000            0.100000E-19
e

 #          10 : d2S/dcthetastar mzz
set view map
set size 3.9/5.0,3.4/3.0
unset surface
set style data pm3d
set style function pm3d
set pm3d implicit at b
set title "d2S/dcthetastar mzz"
set xlabel "cthetas"
set ylabel "mzz"
set palette rgbformulae 30,31,32 negative
splot "-" 
        0.500000E-01         25.0000             0.00000    
        0.500000E-01         75.0000             0.00000    
        0.500000E-01         125.000             0.00000    
        0.500000E-01         175.000            0.589981E-03
        0.500000E-01         225.000            0.562743E-05
        0.500000E-01         275.000            0.205341E-04
        0.500000E-01         325.000            0.226251E-04
        0.500000E-01         375.000            0.265470E-04
        0.500000E-01         425.000            0.422828E-04
        0.500000E-01         475.000            0.374502E-04
        0.500000E-01         525.000            0.381608E-04
        0.500000E-01         575.000            0.220289E-04
        0.500000E-01         625.000            0.169465E-04
        0.500000E-01         675.000            0.117589E-04
        0.500000E-01         725.000            0.710847E-05
        0.500000E-01         775.000            0.680979E-05
        0.500000E-01         825.000            0.502906E-05
        0.500000E-01         875.000            0.342007E-05
        0.500000E-01         925.000            0.176150E-05
        0.500000E-01         975.000            0.876753E-06
 
        0.150000             25.0000             0.00000    
        0.150000             75.0000             0.00000    
        0.150000             125.000             0.00000    
        0.150000             175.000            0.418734E-02
        0.150000             225.000            0.456836E-04
        0.150000             275.000            0.164674E-03
        0.150000             325.000            0.177437E-03
        0.150000             375.000            0.207650E-03
        0.150000             425.000            0.271804E-03
        0.150000             475.000            0.221262E-03
        0.150000             525.000            0.179235E-03
        0.150000             575.000            0.141518E-03
        0.150000             625.000            0.129064E-03
        0.150000             675.000            0.835719E-04
        0.150000             725.000            0.576723E-04
        0.150000             775.000            0.528639E-04
        0.150000             825.000            0.299705E-04
        0.150000             875.000            0.241665E-04
        0.150000             925.000            0.157425E-04
        0.150000             975.000            0.719740E-05
 
        0.250000             25.0000             0.00000    
        0.250000             75.0000             0.00000    
        0.250000             125.000             0.00000    
        0.250000             175.000            0.468410E-02
        0.250000             225.000            0.577440E-04
        0.250000             275.000            0.179725E-03
        0.250000             325.000            0.211371E-03
        0.250000             375.000            0.239053E-03
        0.250000             425.000            0.285126E-03
        0.250000             475.000            0.266914E-03
        0.250000             525.000            0.186378E-03
        0.250000             575.000            0.162231E-03
        0.250000             625.000            0.122665E-03
        0.250000             675.000            0.995673E-04
        0.250000             725.000            0.639287E-04
        0.250000             775.000            0.761308E-04
        0.250000             825.000            0.318156E-04
        0.250000             875.000            0.255913E-04
        0.250000             925.000            0.167357E-04
        0.250000             975.000            0.113152E-04
 
        0.350000             25.0000             0.00000    
        0.350000             75.0000             0.00000    
        0.350000             125.000             0.00000    
        0.350000             175.000            0.478246E-02
        0.350000             225.000            0.549847E-04
        0.350000             275.000            0.143802E-03
        0.350000             325.000            0.188421E-03
        0.350000             375.000            0.244365E-03
        0.350000             425.000            0.281139E-03
        0.350000             475.000            0.273594E-03
        0.350000             525.000            0.201561E-03
        0.350000             575.000            0.171452E-03
        0.350000             625.000            0.125808E-03
        0.350000             675.000            0.105306E-03
        0.350000             725.000            0.588461E-04
        0.350000             775.000            0.555894E-04
        0.350000             825.000            0.384896E-04
        0.350000             875.000            0.328543E-04
        0.350000             925.000            0.193587E-04
        0.350000             975.000            0.142063E-04
 
        0.450000             25.0000             0.00000    
        0.450000             75.0000             0.00000    
        0.450000             125.000             0.00000    
        0.450000             175.000            0.465140E-02
        0.450000             225.000            0.597241E-04
        0.450000             275.000            0.154836E-03
        0.450000             325.000            0.192508E-03
        0.450000             375.000            0.224302E-03
        0.450000             425.000            0.285526E-03
        0.450000             475.000            0.246262E-03
        0.450000             525.000            0.206922E-03
        0.450000             575.000            0.166414E-03
        0.450000             625.000            0.118862E-03
        0.450000             675.000            0.101707E-03
        0.450000             725.000            0.740122E-04
        0.450000             775.000            0.509904E-04
        0.450000             825.000            0.347716E-04
        0.450000             875.000            0.252740E-04
        0.450000             925.000            0.189818E-04
        0.450000             975.000            0.132215E-04
 
        0.550000             25.0000             0.00000    
        0.550000             75.0000             0.00000    
        0.550000             125.000             0.00000    
        0.550000             175.000            0.449515E-02
        0.550000             225.000            0.563334E-04
        0.550000             275.000            0.172537E-03
        0.550000             325.000            0.158672E-03
        0.550000             375.000            0.191617E-03
        0.550000             425.000            0.254510E-03
        0.550000             475.000            0.284722E-03
        0.550000             525.000            0.200668E-03
        0.550000             575.000            0.168188E-03
        0.550000             625.000            0.117894E-03
        0.550000             675.000            0.994310E-04
        0.550000             725.000            0.820746E-04
        0.550000             775.000            0.434256E-04
        0.550000             825.000            0.286803E-04
        0.550000             875.000            0.242588E-04
        0.550000             925.000            0.292041E-04
        0.550000             975.000            0.184005E-04
 
        0.650000             25.0000             0.00000    
        0.650000             75.0000             0.00000    
        0.650000             125.000             0.00000    
        0.650000             175.000            0.406604E-02
        0.650000             225.000            0.540973E-04
        0.650000             275.000            0.153077E-03
        0.650000             325.000            0.150566E-03
        0.650000             375.000            0.193038E-03
        0.650000             425.000            0.252350E-03
        0.650000             475.000            0.250041E-03
        0.650000             525.000            0.196588E-03
        0.650000             575.000            0.155587E-03
        0.650000             625.000            0.114183E-03
        0.650000             675.000            0.955950E-04
        0.650000             725.000            0.595212E-04
        0.650000             775.000            0.403824E-04
        0.650000             825.000            0.302715E-04
        0.650000             875.000            0.266971E-04
        0.650000             925.000            0.249865E-04
        0.650000             975.000            0.173896E-04
 
        0.750000             25.0000             0.00000    
        0.750000             75.0000             0.00000    
        0.750000             125.000             0.00000    
        0.750000             175.000            0.385527E-02
        0.750000             225.000            0.527460E-04
        0.750000             275.000            0.148750E-03
        0.750000             325.000            0.135510E-03
        0.750000             375.000            0.172226E-03
        0.750000             425.000            0.220235E-03
        0.750000             475.000            0.236802E-03
        0.750000             525.000            0.181316E-03
        0.750000             575.000            0.127316E-03
        0.750000             625.000            0.113287E-03
        0.750000             675.000            0.787042E-04
        0.750000             725.000            0.658786E-04
        0.750000             775.000            0.441354E-04
        0.750000             825.000            0.297055E-04
        0.750000             875.000            0.285409E-04
        0.750000             925.000            0.242109E-04
        0.750000             975.000            0.154313E-04
 
        0.850000             25.0000             0.00000    
        0.850000             75.0000             0.00000    
        0.850000             125.000             0.00000    
        0.850000             175.000            0.360802E-02
        0.850000             225.000            0.604330E-04
        0.850000             275.000            0.157384E-03
        0.850000             325.000            0.147053E-03
        0.850000             375.000            0.148047E-03
        0.850000             425.000            0.195412E-03
        0.850000             475.000            0.183779E-03
        0.850000             525.000            0.145383E-03
        0.850000             575.000            0.124365E-03
        0.850000             625.000            0.102850E-03
        0.850000             675.000            0.682566E-04
        0.850000             725.000            0.600634E-04
        0.850000             775.000            0.377110E-04
        0.850000             825.000            0.297141E-04
        0.850000             875.000            0.231783E-04
        0.850000             925.000            0.210280E-04
        0.850000             975.000            0.158869E-04
 
        0.950000             25.0000             0.00000    
        0.950000             75.0000             0.00000    
        0.950000             125.000             0.00000    
        0.950000             175.000            0.334312E-02
        0.950000             225.000            0.456102E-04
        0.950000             275.000            0.120730E-03
        0.950000             325.000            0.131370E-03
        0.950000             375.000            0.143029E-03
        0.950000             425.000            0.192638E-03
        0.950000             475.000            0.168906E-03
        0.950000             525.000            0.122139E-03
        0.950000             575.000            0.102907E-03
        0.950000             625.000            0.758032E-04
        0.950000             675.000            0.554652E-04
        0.950000             725.000            0.421540E-04
        0.950000             775.000            0.328957E-04
        0.950000             825.000            0.278529E-04
        0.950000             875.000            0.196208E-04
        0.950000             925.000            0.163686E-04
        0.950000             975.000            0.128262E-04
 
e
