set output "bsm.1.ps"
set terminal postscript color
set style data histeps
set key off

 #          39 : dS/deta_l (fb)
set title "dS/deta_l (fb)"
plot "-" 
        -4.90000            0.100000E-19
        -4.70000            0.100000E-19
        -4.50000            0.100000E-19
        -4.30000            0.100000E-19
        -4.10000            0.100000E-19
        -3.90000            0.100000E-19
        -3.70000            0.100000E-19
        -3.50000            0.100000E-19
        -3.30000            0.100000E-19
        -3.10000            0.100000E-19
        -2.90000            0.100000E-19
        -2.70000            0.100000E-19
        -2.50000            0.272737E-01
        -2.30000            0.647299E-01
        -2.10000            0.901243E-01
        -1.90000            0.912149E-01
        -1.70000            0.120479    
        -1.50000            0.149312    
        -1.30000            0.182263    
        -1.10000            0.201063    
       -0.900000            0.206647    
       -0.700000            0.226820    
       -0.500000            0.257489    
       -0.300000            0.234589    
       -0.100000            0.276011    
        0.100000            0.240045    
        0.300000            0.251642    
        0.500000            0.234942    
        0.700000            0.220486    
        0.900000            0.448057    
         1.10000            0.197240    
         1.30000            0.167734    
         1.50000            0.143385    
         1.70000            0.115159    
         1.90000            0.107708    
         2.10000            0.788389E-01
         2.30000            0.544522E-01
         2.50000            0.210157E-01
         2.70000            0.100000E-19
         2.90000            0.100000E-19
         3.10000            0.100000E-19
         3.30000            0.100000E-19
         3.50000            0.100000E-19
         3.70000            0.100000E-19
         3.90000            0.100000E-19
         4.10000            0.100000E-19
         4.30000            0.100000E-19
         4.50000            0.100000E-19
         4.70000            0.100000E-19
         4.90000            0.100000E-19
e

 #          40 : dS/dR_l1l2 (fb)
set title "dS/dR_l1l2 (fb)"
plot "-" 
        0.600000E-01        0.100000E-19
        0.180000            0.100000E-19
        0.300000            0.100000E-19
        0.420000            0.395867E-01
        0.540000            0.857890E-01
        0.660000            0.139467    
        0.780000            0.169319    
        0.900000            0.178334    
         1.02000            0.175802    
         1.14000            0.188055    
         1.26000            0.183952    
         1.38000            0.183564    
         1.50000            0.171677    
         1.62000            0.580033    
         1.74000            0.203047    
         1.86000            0.216647    
         1.98000            0.207071    
         2.10000            0.203508    
         2.22000            0.206791    
         2.34000            0.252646    
         2.46000            0.253028    
         2.58000            0.345097    
         2.70000            0.398412    
         2.82000            0.457411    
         2.94000            0.578883    
         3.06000            0.637512    
         3.18000            0.508315    
         3.30000            0.275808    
         3.42000            0.174015    
         3.54000            0.113991    
         3.66000            0.692343E-01
         3.78000            0.488898E-01
         3.90000            0.363539E-01
         4.02000            0.242054E-01
         4.14000            0.149846E-01
         4.26000            0.119075E-01
         4.38000            0.557724E-02
         4.50000            0.455010E-02
         4.62000            0.196952E-02
         4.74000            0.157513E-02
         4.86000            0.390365E-03
         4.98000            0.299701E-04
         5.10000            0.436912E-03
         5.22000            0.100000E-19
         5.34000            0.100000E-19
         5.46000            0.100000E-19
         5.58000            0.100000E-19
         5.70000            0.100000E-19
         5.82000            0.100000E-19
         5.94000            0.100000E-19
e

 #          41 : dS/dR_l1l3 (fb)
set title "dS/dR_l1l3 (fb)"
plot "-" 
        0.600000E-01        0.100000E-19
        0.180000            0.100000E-19
        0.300000            0.100000E-19
        0.420000            0.728475E-01
        0.540000            0.968304E-01
        0.660000            0.140640    
        0.780000            0.159509    
        0.900000            0.182945    
         1.02000            0.202886    
         1.14000            0.197137    
         1.26000            0.221762    
         1.38000            0.233739    
         1.50000            0.242695    
         1.62000            0.247804    
         1.74000            0.239522    
         1.86000            0.268916    
         1.98000            0.267481    
         2.10000            0.297673    
         2.22000            0.304577    
         2.34000            0.350433    
         2.46000            0.380401    
         2.58000            0.377128    
         2.70000            0.399497    
         2.82000            0.436299    
         2.94000            0.428019    
         3.06000            0.449346    
         3.18000            0.325455    
         3.30000            0.537135    
         3.42000            0.105787    
         3.54000            0.537882E-01
         3.66000            0.396749E-01
         3.78000            0.290091E-01
         3.90000            0.202220E-01
         4.02000            0.117251E-01
         4.14000            0.849654E-02
         4.26000            0.620520E-02
         4.38000            0.189498E-02
         4.50000            0.362129E-02
         4.62000            0.205711E-02
         4.74000            0.281864E-02
         4.86000            0.281730E-03
         4.98000            0.100593E-02
         5.10000            0.208419E-03
         5.22000            0.366005E-03
         5.34000            0.255101E-04
         5.46000            0.100000E-19
         5.58000            0.100000E-19
         5.70000            0.100000E-19
         5.82000            0.100000E-19
         5.94000            0.100000E-19
e

 #          42 : dS/dR_l1l4 (fb)
set title "dS/dR_l1l4 (fb)"
plot "-" 
        0.600000E-01        0.100000E-19
        0.180000            0.100000E-19
        0.300000            0.100000E-19
        0.420000            0.685307E-01
        0.540000            0.140402    
        0.660000            0.149793    
        0.780000            0.165010    
        0.900000            0.175948    
         1.02000            0.176788    
         1.14000            0.220894    
         1.26000            0.253909    
         1.38000            0.632283    
         1.50000            0.231079    
         1.62000            0.281659    
         1.74000            0.279355    
         1.86000            0.290291    
         1.98000            0.282925    
         2.10000            0.303114    
         2.22000            0.296448    
         2.34000            0.343951    
         2.46000            0.318804    
         2.58000            0.361277    
         2.70000            0.401128    
         2.82000            0.393507    
         2.94000            0.419035    
         3.06000            0.407919    
         3.18000            0.308300    
         3.30000            0.171474    
         3.42000            0.965520E-01
         3.54000            0.498772E-01
         3.66000            0.419306E-01
         3.78000            0.199291E-01
         3.90000            0.196159E-01
         4.02000            0.180066E-01
         4.14000            0.894502E-02
         4.26000            0.938667E-02
         4.38000            0.354902E-02
         4.50000            0.229025E-02
         4.62000            0.116012E-02
         4.74000            0.403927E-03
         4.86000            0.112419E-02
         4.98000            0.382643E-03
         5.10000            0.876332E-03
         5.22000            0.139251E-04
         5.34000            0.100000E-19
         5.46000            0.496003E-06
         5.58000            0.100000E-19
         5.70000            0.100000E-19
         5.82000            0.100000E-19
         5.94000            0.100000E-19
e

 #          43 : dS/dR_l2l3 (fb)
set title "dS/dR_l2l3 (fb)"
plot "-" 
        0.600000E-01        0.100000E-19
        0.180000            0.100000E-19
        0.300000            0.100000E-19
        0.420000            0.743765E-01
        0.540000            0.111406    
        0.660000            0.143848    
        0.780000            0.194559    
        0.900000            0.187464    
         1.02000            0.198369    
         1.14000            0.208840    
         1.26000            0.242850    
         1.38000            0.247299    
         1.50000            0.251627    
         1.62000            0.257133    
         1.74000            0.252438    
         1.86000            0.265902    
         1.98000            0.271507    
         2.10000            0.278411    
         2.22000            0.317161    
         2.34000            0.730281    
         2.46000            0.327309    
         2.58000            0.373001    
         2.70000            0.393985    
         2.82000            0.412817    
         2.94000            0.440057    
         3.06000            0.440701    
         3.18000            0.293879    
         3.30000            0.138728    
         3.42000            0.114309    
         3.54000            0.617511E-01
         3.66000            0.344256E-01
         3.78000            0.294701E-01
         3.90000            0.165884E-01
         4.02000            0.114714E-01
         4.14000            0.815990E-02
         4.26000            0.665089E-02
         4.38000            0.217295E-02
         4.50000            0.188046E-02
         4.62000            0.272923E-02
         4.74000            0.810237E-03
         4.86000            0.191425E-02
         4.98000            0.453502E-03
         5.10000            0.831085E-05
         5.22000            0.112105E-02
         5.34000            0.363714E-06
         5.46000            0.100000E-19
         5.58000            0.100000E-19
         5.70000            0.100000E-19
         5.82000            0.100000E-19
         5.94000            0.100000E-19
e

 #          44 : dS/dR_l2l4 (fb)
set title "dS/dR_l2l4 (fb)"
plot "-" 
        0.600000E-01        0.100000E-19
        0.180000            0.100000E-19
        0.300000            0.100000E-19
        0.420000            0.787594E-01
        0.540000            0.127255    
        0.660000            0.141737    
        0.780000            0.150300    
        0.900000            0.177263    
         1.02000            0.178526    
         1.14000            0.190255    
         1.26000            0.203717    
         1.38000            0.228635    
         1.50000            0.235129    
         1.62000            0.254666    
         1.74000            0.280971    
         1.86000            0.273724    
         1.98000            0.267651    
         2.10000            0.293961    
         2.22000            0.327261    
         2.34000            0.304091    
         2.46000            0.341152    
         2.58000            0.758860    
         2.70000            0.407021    
         2.82000            0.412216    
         2.94000            0.455024    
         3.06000            0.443281    
         3.18000            0.348997    
         3.30000            0.159858    
         3.42000            0.116031    
         3.54000            0.705182E-01
         3.66000            0.365403E-01
         3.78000            0.221638E-01
         3.90000            0.178922E-01
         4.02000            0.136241E-01
         4.14000            0.117597E-01
         4.26000            0.555208E-02
         4.38000            0.370637E-02
         4.50000            0.223602E-02
         4.62000            0.201531E-02
         4.74000            0.148066E-02
         4.86000            0.147781E-02
         4.98000            0.121640E-02
         5.10000            0.715342E-03
         5.22000            0.372251E-03
         5.34000            0.328917E-04
         5.46000            0.219937E-03
         5.58000            0.100000E-19
         5.70000            0.100000E-19
         5.82000            0.100000E-19
         5.94000            0.100000E-19
e

 #          45 : dS/dR_l3l4 (fb)
set title "dS/dR_l3l4 (fb)"
plot "-" 
        0.600000E-01        0.100000E-19
        0.180000            0.100000E-19
        0.300000            0.100000E-19
        0.420000            0.552335E-01
        0.540000            0.936779E-01
        0.660000            0.143310    
        0.780000            0.177835    
        0.900000            0.197309    
         1.02000            0.204797    
         1.14000            0.190284    
         1.26000            0.197020    
         1.38000            0.183946    
         1.50000            0.193378    
         1.62000            0.184800    
         1.74000            0.173595    
         1.86000            0.195099    
         1.98000            0.194819    
         2.10000            0.220820    
         2.22000            0.217356    
         2.34000            0.233854    
         2.46000            0.253569    
         2.58000            0.340045    
         2.70000            0.356537    
         2.82000            0.470224    
         2.94000            0.538447    
         3.06000            0.687424    
         3.18000            0.508811    
         3.30000            0.267617    
         3.42000            0.539547    
         3.54000            0.122314    
         3.66000            0.720873E-01
         3.78000            0.459392E-01
         3.90000            0.294725E-01
         4.02000            0.179645E-01
         4.14000            0.148834E-01
         4.26000            0.946553E-02
         4.38000            0.911564E-02
         4.50000            0.405927E-02
         4.62000            0.237928E-02
         4.74000            0.493843E-03
         4.86000            0.137431E-03
         4.98000            0.199886E-03
         5.10000            0.100000E-19
         5.22000            0.100000E-19
         5.34000            0.100000E-19
         5.46000            0.100000E-19
         5.58000            0.100000E-19
         5.70000            0.100000E-19
         5.82000            0.100000E-19
         5.94000            0.100000E-19
e

 #          46 : dS/r1
set title "dS/r1"
plot "-" 
        0.250000E-01         1.42622    
        0.750000E-01         1.31563    
        0.125000             1.24708    
        0.175000             1.23074    
        0.225000             1.28444    
        0.275000             1.28449    
        0.325000             1.22389    
        0.375000             1.25583    
        0.425000             1.30777    
        0.475000             1.33637    
        0.525000             4.72078    
        0.575000            0.164214E-02
        0.625000            0.119597E-04
        0.675000            0.100000E-19
        0.725000            0.100000E-19
        0.775000            0.100000E-19
        0.825000            0.100000E-19
        0.875000            0.100000E-19
        0.925000            0.100000E-19
        0.975000            0.100000E-19
e

 #          47 : dS/r2
set title "dS/r2"
plot "-" 
        0.250000E-01         9.94445    
        0.750000E-01        0.721686    
        0.125000            0.565759    
        0.175000            0.530964    
        0.225000            0.462043    
        0.275000            0.463325    
        0.325000            0.404661    
        0.375000            0.448523    
        0.425000            0.398209    
        0.475000            0.401478    
        0.525000            0.406914    
        0.575000            0.393316    
        0.625000            0.405786    
        0.675000            0.386300    
        0.725000            0.359965    
        0.775000            0.362637    
        0.825000            0.296601    
        0.875000            0.267041    
        0.925000            0.234409    
        0.975000            0.180813    
e

 #          48 : dS/r3
set title "dS/r3"
plot "-" 
        0.250000E-01         9.15668    
        0.750000E-01        0.693518    
        0.125000            0.645896    
        0.175000             1.41319    
        0.225000            0.475951    
        0.275000            0.466093    
        0.325000            0.416228    
        0.375000            0.424203    
        0.425000            0.386708    
        0.475000            0.386645    
        0.525000            0.361719    
        0.575000            0.368710    
        0.625000            0.361378    
        0.675000            0.406875    
        0.725000            0.318855    
        0.775000            0.313661    
        0.825000            0.331186    
        0.875000            0.310223    
        0.925000            0.234534    
        0.975000            0.162628    
e

 #          49 : dS/r4
set title "dS/r4"
plot "-" 
        0.250000E-01        0.100000E-19
        0.750000E-01        0.730407E-06
        0.125000            0.300331E-03
        0.175000            0.326425E-02
        0.225000            0.378734E-01
        0.275000            0.337108    
        0.325000             1.04667    
        0.375000             1.99176    
        0.425000             2.38896    
        0.475000             2.64279    
        0.525000             2.61517    
        0.575000             3.19524    
        0.625000             2.00096    
        0.675000             1.08456    
        0.725000            0.252406    
        0.775000            0.356083E-01
        0.825000            0.210118E-02
        0.875000            0.940679E-04
        0.925000            0.508114E-05
        0.975000            0.100000E-19
e

 #          91 : dS/dpTl1 (fb)
set title "dS/dpTl1 (fb)"
plot "-" 
         5.00000            0.100000E-19
         15.0000            0.328639E-01
         25.0000            0.135063E-01
         35.0000            0.141470E-01
         45.0000            0.129905E-01
         55.0000            0.369059E-02
         65.0000            0.157764E-02
         75.0000            0.140595E-02
         85.0000            0.118468E-02
         95.0000            0.109764E-02
         105.000            0.823443E-03
         115.000            0.726726E-03
         125.000            0.645780E-03
         135.000            0.649913E-03
         145.000            0.432591E-03
         155.000            0.399232E-03
         165.000            0.394167E-03
         175.000            0.331677E-03
         185.000            0.201031E-03
         195.000            0.221935E-03
         205.000            0.126238E-03
         215.000            0.101700E-03
         225.000            0.119153E-03
         235.000            0.783131E-04
         245.000            0.119553E-03
         255.000            0.589359E-04
         265.000            0.492215E-04
         275.000            0.348445E-04
         285.000            0.425379E-04
         295.000            0.306475E-04
         305.000            0.222489E-04
         315.000            0.206943E-04
         325.000            0.854601E-05
         335.000            0.175727E-04
         345.000            0.139751E-04
         355.000            0.831066E-05
         365.000            0.100833E-04
         375.000            0.274356E-05
         385.000            0.239335E-05
         395.000            0.681340E-05
         405.000            0.177132E-05
         415.000            0.720120E-06
         425.000            0.477221E-06
         435.000            0.235884E-05
         445.000            0.407648E-06
         455.000            0.203306E-06
         465.000            0.604288E-07
         475.000            0.242867E-05
         485.000            0.583075E-06
         495.000            0.100000E-19
e

 #          92 : dS/dpTl2 (fb)
set title "dS/dpTl2 (fb)"
plot "-" 
         5.00000            0.100000E-19
         15.0000            0.332109E-01
         25.0000            0.128363E-01
         35.0000            0.140429E-01
         45.0000            0.133856E-01
         55.0000            0.369006E-02
         65.0000            0.165169E-02
         75.0000            0.133394E-02
         85.0000            0.114393E-02
         95.0000            0.102353E-02
         105.000            0.952049E-03
         115.000            0.808197E-03
         125.000            0.645928E-03
         135.000            0.674315E-03
         145.000            0.478057E-03
         155.000            0.375885E-03
         165.000            0.349735E-03
         175.000            0.275492E-03
         185.000            0.177800E-03
         195.000            0.191681E-03
         205.000            0.155891E-03
         215.000            0.132540E-03
         225.000            0.155405E-03
         235.000            0.681499E-04
         245.000            0.505307E-04
         255.000            0.351964E-04
         265.000            0.479163E-04
         275.000            0.543056E-04
         285.000            0.269898E-04
         295.000            0.329208E-04
         305.000            0.316169E-04
         315.000            0.260035E-04
         325.000            0.384891E-04
         335.000            0.695888E-05
         345.000            0.243944E-04
         355.000            0.707581E-05
         365.000            0.448027E-05
         375.000            0.518470E-05
         385.000            0.293721E-05
         395.000            0.308030E-05
         405.000            0.137317E-05
         415.000            0.338141E-05
         425.000            0.280038E-05
         435.000            0.522194E-06
         445.000            0.122517E-05
         455.000            0.286600E-05
         465.000            0.446644E-06
         475.000            0.481077E-08
         485.000            0.100000E-19
         495.000            0.100000E-19
e

 #          93 : dS/dpTl3 (fb)
set title "dS/dpTl3 (fb)"
plot "-" 
         5.00000            0.100000E-19
         15.0000            0.289837E-01
         25.0000            0.174679E-01
         35.0000            0.136139E-01
         45.0000            0.133486E-01
         55.0000            0.367167E-02
         65.0000            0.146848E-02
         75.0000            0.139935E-02
         85.0000            0.126029E-02
         95.0000            0.107320E-02
         105.000            0.904457E-03
         115.000            0.923824E-03
         125.000            0.648201E-03
         135.000            0.528610E-03
         145.000            0.499212E-03
         155.000            0.427473E-03
         165.000            0.363353E-03
         175.000            0.286933E-03
         185.000            0.237367E-03
         195.000            0.142052E-03
         205.000            0.177873E-03
         215.000            0.133903E-03
         225.000            0.124034E-03
         235.000            0.773288E-04
         245.000            0.578087E-04
         255.000            0.612316E-04
         265.000            0.534667E-04
         275.000            0.410208E-04
         285.000            0.426324E-04
         295.000            0.527167E-04
         305.000            0.130407E-04
         315.000            0.130586E-04
         325.000            0.171737E-04
         335.000            0.127788E-04
         345.000            0.907307E-05
         355.000            0.883420E-05
         365.000            0.318735E-05
         375.000            0.128782E-04
         385.000            0.262057E-05
         395.000            0.300770E-05
         405.000            0.211301E-05
         415.000            0.206945E-06
         425.000            0.100131E-05
         435.000            0.279957E-05
         445.000            0.218113E-07
         455.000            0.268575E-06
         465.000            0.477079E-07
         475.000            0.118933E-05
         485.000            0.364056E-06
         495.000            0.100000E-19
e

 #          94 : dS/dpTl4 (fb)
set title "dS/dpTl4 (fb)"
plot "-" 
         5.00000            0.100000E-19
         15.0000            0.290398E-01
         25.0000            0.169672E-01
         35.0000            0.149086E-01
         45.0000            0.127127E-01
         55.0000            0.354199E-02
         65.0000            0.142705E-02
         75.0000            0.134428E-02
         85.0000            0.115911E-02
         95.0000            0.106091E-02
         105.000            0.109908E-02
         115.000            0.776028E-03
         125.000            0.805672E-03
         135.000            0.702550E-03
         145.000            0.513803E-03
         155.000            0.381158E-03
         165.000            0.296437E-03
         175.000            0.196307E-03
         185.000            0.220293E-03
         195.000            0.204017E-03
         205.000            0.134191E-03
         215.000            0.882188E-04
         225.000            0.684507E-04
         235.000            0.939425E-04
         245.000            0.595467E-04
         255.000            0.689987E-04
         265.000            0.554021E-04
         275.000            0.392210E-04
         285.000            0.338460E-04
         295.000            0.376367E-04
         305.000            0.219833E-04
         315.000            0.134956E-04
         325.000            0.150381E-04
         335.000            0.133615E-04
         345.000            0.131880E-04
         355.000            0.166392E-04
         365.000            0.640475E-05
         375.000            0.432295E-05
         385.000            0.391724E-05
         395.000            0.694704E-05
         405.000            0.130789E-05
         415.000            0.604333E-05
         425.000            0.392332E-05
         435.000            0.596328E-05
         445.000            0.164072E-06
         455.000            0.204167E-05
         465.000            0.166802E-06
         475.000            0.100000E-19
         485.000            0.464172E-06
         495.000            0.182181E-05
e

 #          95 : dS/costh1 (fb)
set title "dS/costh1 (fb)"
plot "-" 
        0.500000E-01         1.23001    
        0.150000             1.26625    
        0.250000             1.16424    
        0.350000             1.49798    
        0.450000            0.892963    
        0.550000            0.824678    
        0.650000            0.677545    
        0.750000            0.534689    
        0.850000            0.416117    
        0.950000            0.312964    
e

 #          96 : dS/costh2 (fb)
set title "dS/costh2 (fb)"
plot "-" 
        0.500000E-01         1.23078    
        0.150000             1.25002    
        0.250000             1.22576    
        0.350000             1.06021    
        0.450000             1.37495    
        0.550000            0.765431    
        0.650000            0.631557    
        0.750000            0.529801    
        0.850000            0.450011    
        0.950000            0.298917    
e

 #          97 : dS/costhstar (fb)
set title "dS/costhstar (fb)"
plot "-" 
        0.500000E-01        0.936292    
        0.150000            0.954979    
        0.250000            0.960690    
        0.350000             1.37452    
        0.450000            0.865484    
        0.550000            0.807911    
        0.650000            0.774557    
        0.750000            0.722730    
        0.850000            0.688192    
        0.950000            0.732083    
e

 #          98 : dS/cosphitilde (fb)
set title "dS/cosphitilde (fb)"
plot "-" 
        0.500000E-01        0.769803    
        0.150000             1.27860    
        0.250000            0.783425    
        0.350000            0.783440    
        0.450000            0.712377    
        0.550000            0.739634    
        0.650000            0.720244    
        0.750000            0.751590    
        0.850000            0.781703    
        0.950000             1.49662    
e

 #          99 : dS/cosphi (fb)
set title "dS/cosphi (fb)"
plot "-" 
        0.500000E-01        0.946258    
        0.150000            0.914813    
        0.250000             1.36395    
        0.350000            0.888879    
        0.450000            0.908383    
        0.550000            0.889098    
        0.650000            0.818119    
        0.750000            0.758472    
        0.850000            0.741832    
        0.950000            0.587639    
e

 #         100 : dS/costhstar2 (fb)
set title "dS/costhstar2 (fb)"
plot "-" 
        0.500000E-01        0.810187    
        0.150000             1.27279    
        0.250000            0.841512    
        0.350000            0.868558    
        0.450000            0.857497    
        0.550000            0.873398    
        0.650000            0.895755    
        0.750000             1.02917    
        0.850000             1.21873    
        0.950000             2.47570    
e

 #         105 : dS/dmZZ (fb/GeV)
set title "dS/dmZZ (fb/GeV)"
plot "-" 
         10.0000            0.100000E-19
         30.0000            0.100000E-19
         50.0000            0.100000E-19
         70.0000            0.100000E-19
         90.0000            0.100000E-19
         110.000            0.100000E-19
         130.000            0.348342E-01
         150.000            0.182215E-04
         170.000            0.380796E-04
         190.000            0.318699E-03
         210.000            0.447732E-03
         230.000            0.421308E-03
         250.000            0.488540E-03
         270.000            0.439462E-03
         290.000            0.375549E-03
         310.000            0.416797E-03
         330.000            0.379778E-03
         350.000            0.435285E-03
         370.000            0.616722E-03
         390.000            0.468188E-03
         410.000            0.510277E-03
         430.000            0.382981E-03
         450.000            0.351818E-03
         470.000            0.416616E-03
         490.000            0.312928E-03
         510.000            0.283217E-03
         530.000            0.295775E-03
         550.000            0.227079E-03
         570.000            0.188652E-03
         590.000            0.188217E-03
         610.000            0.104534E-03
         630.000            0.131449E-03
         650.000            0.104660E-03
         670.000            0.116558E-03
         690.000            0.851772E-04
         710.000            0.549058E-04
         730.000            0.661124E-04
         750.000            0.546048E-04
         770.000            0.670104E-04
         790.000            0.541136E-04
         810.000            0.559002E-04
         830.000            0.379035E-04
         850.000            0.396354E-04
         870.000            0.278921E-04
         890.000            0.228255E-04
         910.000            0.260659E-04
         930.000            0.127454E-04
         950.000            0.186385E-04
         970.000            0.163932E-04
         990.000            0.157977E-04
e

 #         106 : dS/dmTZLm (fb/GeV)
set title "dS/dmTZLm (fb/GeV)"
plot "-" 
         10.0000            0.249403E-02
         30.0000            0.137549E-01
         50.0000            0.398669E-02
         70.0000            0.339013E-02
         90.0000            0.200930E-01
         110.000            0.303568E-03
         130.000            0.224548E-04
         150.000            0.123924E-04
         170.000            0.315512E-05
         190.000            0.461330E-05
         210.000            0.218939E-04
         230.000            0.191715E-06
         250.000            0.201839E-06
         270.000            0.100000E-19
         290.000            0.406376E-09
         310.000            0.100000E-19
         330.000            0.254257E-07
         350.000            0.100000E-19
         370.000            0.159354E-07
         390.000            0.100000E-19
         410.000            0.100000E-19
         430.000            0.100000E-19
         450.000            0.100000E-19
         470.000            0.100000E-19
         490.000            0.100000E-19
         510.000            0.100000E-19
         530.000            0.100000E-19
         550.000            0.100000E-19
         570.000            0.100000E-19
         590.000            0.100000E-19
         610.000            0.100000E-19
         630.000            0.100000E-19
         650.000            0.100000E-19
         670.000            0.100000E-19
         690.000            0.100000E-19
         710.000            0.100000E-19
         730.000            0.100000E-19
         750.000            0.100000E-19
         770.000            0.100000E-19
         790.000            0.100000E-19
         810.000            0.100000E-19
         830.000            0.100000E-19
         850.000            0.100000E-19
         870.000            0.100000E-19
         890.000            0.100000E-19
         910.000            0.100000E-19
         930.000            0.100000E-19
         950.000            0.100000E-19
         970.000            0.100000E-19
         990.000            0.100000E-19
e

 #         107 : dS/dmlll (fb/GeV)
set title "dS/dmlll (fb/GeV)"
plot "-" 
         10.0000            0.309059E-02
         30.0000            0.112004E-01
         50.0000            0.373480E-02
         70.0000            0.371953E-02
         90.0000            0.220221E-01
         110.000            0.252761E-03
         130.000            0.344016E-04
         150.000            0.250272E-04
         170.000            0.214295E-05
         190.000            0.247189E-05
         210.000            0.372467E-06
         230.000            0.735200E-06
         250.000            0.990471E-06
         270.000            0.451998E-06
         290.000            0.338290E-07
         310.000            0.100000E-19
         330.000            0.996193E-08
         350.000            0.391861E-06
         370.000            0.100000E-19
         390.000            0.100000E-19
         410.000            0.100000E-19
         430.000            0.100000E-19
         450.000            0.100000E-19
         470.000            0.100000E-19
         490.000            0.100000E-19
         510.000            0.100000E-19
         530.000            0.100000E-19
         550.000            0.100000E-19
         570.000            0.100000E-19
         590.000            0.100000E-19
         610.000            0.100000E-19
         630.000            0.100000E-19
         650.000            0.100000E-19
         670.000            0.100000E-19
         690.000            0.100000E-19
         710.000            0.100000E-19
         730.000            0.100000E-19
         750.000            0.100000E-19
         770.000            0.100000E-19
         790.000            0.140529E-10
         810.000            0.100000E-19
         830.000            0.100000E-19
         850.000            0.100000E-19
         870.000            0.100000E-19
         890.000            0.100000E-19
         910.000            0.100000E-19
         930.000            0.100000E-19
         950.000            0.100000E-19
         970.000            0.100000E-19
         990.000            0.100000E-19
e

 #          10 : d2S/dcthetastar mzz
set view map
set size 3.9/5.0,3.4/3.0
unset surface
set style data pm3d
set style function pm3d
set pm3d implicit at b
set title "d2S/dcthetastar mzz"
set xlabel "cthetas"
set ylabel "mzz"
set palette rgbformulae 30,31,32 negative
splot "-" 
        0.500000E-01         25.0000             0.00000    
        0.500000E-01         75.0000             0.00000    
        0.500000E-01         125.000             0.00000    
        0.500000E-01         175.000            0.180283E-02
        0.500000E-01         225.000            0.236087E-04
        0.500000E-01         275.000            0.707681E-04
        0.500000E-01         325.000            0.696427E-04
        0.500000E-01         375.000            0.526769E-04
        0.500000E-01         425.000            0.618210E-04
        0.500000E-01         475.000            0.537496E-04
        0.500000E-01         525.000            0.438017E-04
        0.500000E-01         575.000            0.375026E-04
        0.500000E-01         625.000            0.450179E-04
        0.500000E-01         675.000            0.150839E-04
        0.500000E-01         725.000            0.144451E-04
        0.500000E-01         775.000            0.703310E-05
        0.500000E-01         825.000            0.869022E-05
        0.500000E-01         875.000            0.481051E-05
        0.500000E-01         925.000            0.344297E-05
        0.500000E-01         975.000            0.245908E-05
 
        0.150000             25.0000             0.00000    
        0.150000             75.0000             0.00000    
        0.150000             125.000             0.00000    
        0.150000             175.000            0.127995E-01
        0.150000             225.000            0.158969E-03
        0.150000             275.000            0.433641E-03
        0.150000             325.000            0.437578E-03
        0.150000             375.000            0.375210E-03
        0.150000             425.000            0.457055E-03
        0.150000             475.000            0.436163E-03
        0.150000             525.000            0.448760E-03
        0.150000             575.000            0.281709E-03
        0.150000             625.000            0.196384E-03
        0.150000             675.000            0.116633E-03
        0.150000             725.000            0.888729E-04
        0.150000             775.000            0.603992E-04
        0.150000             825.000            0.551803E-04
        0.150000             875.000            0.461266E-04
        0.150000             925.000            0.232464E-04
        0.150000             975.000            0.153748E-04
 
        0.250000             25.0000             0.00000    
        0.250000             75.0000             0.00000    
        0.250000             125.000             0.00000    
        0.250000             175.000            0.148147E-01
        0.250000             225.000            0.157691E-03
        0.250000             275.000            0.500643E-03
        0.250000             325.000            0.481250E-03
        0.250000             375.000            0.484996E-03
        0.250000             425.000            0.588938E-03
        0.250000             475.000            0.560642E-03
        0.250000             525.000            0.478792E-03
        0.250000             575.000            0.406466E-03
        0.250000             625.000            0.189541E-03
        0.250000             675.000            0.168123E-03
        0.250000             725.000            0.133066E-03
        0.250000             775.000            0.747442E-04
        0.250000             825.000            0.586789E-04
        0.250000             875.000            0.341118E-04
        0.250000             925.000            0.248334E-04
        0.250000             975.000            0.186765E-04
 
        0.350000             25.0000             0.00000    
        0.350000             75.0000             0.00000    
        0.350000             125.000             0.00000    
        0.350000             175.000            0.146531E-01
        0.350000             225.000            0.157262E-03
        0.350000             275.000            0.478872E-03
        0.350000             325.000            0.493254E-03
        0.350000             375.000            0.436312E-03
        0.350000             425.000            0.645676E-03
        0.350000             475.000            0.541688E-03
        0.350000             525.000            0.404750E-03
        0.350000             575.000            0.370528E-03
        0.350000             625.000            0.246717E-03
        0.350000             675.000            0.134477E-03
        0.350000             725.000            0.134884E-03
        0.350000             775.000            0.735434E-04
        0.350000             825.000            0.499254E-04
        0.350000             875.000            0.459084E-04
        0.350000             925.000            0.260334E-04
        0.350000             975.000            0.201902E-04
 
        0.450000             25.0000             0.00000    
        0.450000             75.0000             0.00000    
        0.450000             125.000             0.00000    
        0.450000             175.000            0.202739E-01
        0.450000             225.000            0.160181E-03
        0.450000             275.000            0.411338E-03
        0.450000             325.000            0.429361E-03
        0.450000             375.000            0.456475E-03
        0.450000             425.000            0.461723E-03
        0.450000             475.000            0.445677E-03
        0.450000             525.000            0.427372E-03
        0.450000             575.000            0.320228E-03
        0.450000             625.000            0.256793E-03
        0.450000             675.000            0.126105E-03
        0.450000             725.000            0.141748E-03
        0.450000             775.000            0.554917E-04
        0.450000             825.000            0.886450E-04
        0.450000             875.000            0.739095E-04
        0.450000             925.000            0.244622E-04
        0.450000             975.000            0.177393E-04
 
        0.550000             25.0000             0.00000    
        0.550000             75.0000             0.00000    
        0.550000             125.000             0.00000    
        0.550000             175.000            0.165043E-01
        0.550000             225.000            0.171721E-03
        0.550000             275.000            0.446360E-03
        0.550000             325.000            0.447821E-03
        0.550000             375.000            0.475762E-03
        0.550000             425.000            0.649427E-03
        0.550000             475.000            0.455853E-03
        0.550000             525.000            0.376207E-03
        0.550000             575.000            0.348526E-03
        0.550000             625.000            0.244137E-03
        0.550000             675.000            0.144525E-03
        0.550000             725.000            0.106357E-03
        0.550000             775.000            0.695462E-04
        0.550000             825.000            0.571741E-04
        0.550000             875.000            0.653310E-04
        0.550000             925.000            0.343330E-04
        0.550000             975.000            0.174215E-04
 
        0.650000             25.0000             0.00000    
        0.650000             75.0000             0.00000    
        0.650000             125.000             0.00000    
        0.650000             175.000            0.124739E-01
        0.650000             225.000            0.151941E-03
        0.650000             275.000            0.427860E-03
        0.650000             325.000            0.391706E-03
        0.650000             375.000            0.462255E-03
        0.650000             425.000            0.533493E-03
        0.650000             475.000            0.388112E-03
        0.650000             525.000            0.349619E-03
        0.650000             575.000            0.299853E-03
        0.650000             625.000            0.150334E-03
        0.650000             675.000            0.112457E-03
        0.650000             725.000            0.806869E-04
        0.650000             775.000            0.697662E-04
        0.650000             825.000            0.669636E-04
        0.650000             875.000            0.411687E-04
        0.650000             925.000            0.380195E-04
        0.650000             975.000            0.240757E-04
 
        0.750000             25.0000             0.00000    
        0.750000             75.0000             0.00000    
        0.750000             125.000             0.00000    
        0.750000             175.000            0.119557E-01
        0.750000             225.000            0.159915E-03
        0.750000             275.000            0.387800E-03
        0.750000             325.000            0.384792E-03
        0.750000             375.000            0.367123E-03
        0.750000             425.000            0.458168E-03
        0.750000             475.000            0.407601E-03
        0.750000             525.000            0.367154E-03
        0.750000             575.000            0.263172E-03
        0.750000             625.000            0.175703E-03
        0.750000             675.000            0.111676E-03
        0.750000             725.000            0.782254E-04
        0.750000             775.000            0.734653E-04
        0.750000             825.000            0.598135E-04
        0.750000             875.000            0.362694E-04
        0.750000             925.000            0.456407E-04
        0.750000             975.000            0.267581E-04
 
        0.850000             25.0000             0.00000    
        0.850000             75.0000             0.00000    
        0.850000             125.000             0.00000    
        0.850000             175.000            0.110896E-01
        0.850000             225.000            0.157728E-03
        0.850000             275.000            0.402539E-03
        0.850000             325.000            0.417909E-03
        0.850000             375.000            0.354479E-03
        0.850000             425.000            0.407943E-03
        0.850000             475.000            0.371842E-03
        0.850000             525.000            0.299884E-03
        0.850000             575.000            0.239412E-03
        0.850000             625.000            0.187908E-03
        0.850000             675.000            0.957224E-04
        0.850000             725.000            0.975261E-04
        0.850000             775.000            0.619355E-04
        0.850000             825.000            0.484840E-04
        0.850000             875.000            0.472945E-04
        0.850000             925.000            0.333054E-04
        0.850000             975.000            0.175347E-04
 
        0.950000             25.0000             0.00000    
        0.950000             75.0000             0.00000    
        0.950000             125.000             0.00000    
        0.950000             175.000            0.109120E-01
        0.950000             225.000            0.142561E-03
        0.950000             275.000            0.403314E-03
        0.950000             325.000            0.402152E-03
        0.950000             375.000            0.331653E-03
        0.950000             425.000            0.445274E-03
        0.950000             475.000            0.325377E-03
        0.950000             525.000            0.181790E-03
        0.950000             575.000            0.177694E-03
        0.950000             625.000            0.112489E-03
        0.950000             675.000            0.977491E-04
        0.950000             725.000            0.898563E-04
        0.950000             775.000            0.563561E-04
        0.950000             825.000            0.474614E-04
        0.950000             875.000            0.414832E-04
        0.950000             925.000            0.203411E-04
        0.950000             975.000            0.192748E-04
 
e
