set output "bsm.1.ps"
set terminal postscript color
set style data histeps
set key off

 #          39 : dS/deta_l (fb)
set title "dS/deta_l (fb)"
plot "-" 
        -4.90000            0.100000E-19
        -4.70000            0.100000E-19
        -4.50000            0.100000E-19
        -4.30000            0.100000E-19
        -4.10000            0.100000E-19
        -3.90000            0.100000E-19
        -3.70000            0.100000E-19
        -3.50000            0.100000E-19
        -3.30000            0.100000E-19
        -3.10000            0.100000E-19
        -2.90000            0.100000E-19
        -2.70000            0.100000E-19
        -2.50000            0.199200E-01
        -2.30000            0.488085E-01
        -2.10000            0.555816E-01
        -1.90000            0.737990E-01
        -1.70000            0.973352E-01
        -1.50000            0.118565    
        -1.30000            0.121533    
        -1.10000            0.154167    
       -0.900000            0.159223    
       -0.700000            0.171104    
       -0.500000            0.191718    
       -0.300000            0.194689    
       -0.100000            0.184862    
        0.100000            0.192736    
        0.300000            0.191099    
        0.500000            0.184638    
        0.700000            0.174216    
        0.900000            0.162926    
         1.10000            0.153687    
         1.30000            0.126822    
         1.50000            0.113862    
         1.70000            0.164515    
         1.90000            0.852522E-01
         2.10000            0.593988E-01
         2.30000            0.459280E-01
         2.50000            0.226640E-01
         2.70000            0.100000E-19
         2.90000            0.100000E-19
         3.10000            0.100000E-19
         3.30000            0.100000E-19
         3.50000            0.100000E-19
         3.70000            0.100000E-19
         3.90000            0.100000E-19
         4.10000            0.100000E-19
         4.30000            0.100000E-19
         4.50000            0.100000E-19
         4.70000            0.100000E-19
         4.90000            0.100000E-19
e

 #          40 : dS/dR_l1l2 (fb)
set title "dS/dR_l1l2 (fb)"
plot "-" 
        0.600000E-01        0.100000E-19
        0.180000            0.100000E-19
        0.300000            0.100000E-19
        0.420000            0.236154E-01
        0.540000            0.428570E-01
        0.660000            0.632913E-01
        0.780000            0.686529E-01
        0.900000            0.773179E-01
         1.02000            0.767825E-01
         1.14000            0.882923E-01
         1.26000            0.816183E-01
         1.38000            0.824099E-01
         1.50000            0.893311E-01
         1.62000            0.997460E-01
         1.74000            0.103726    
         1.86000            0.110074    
         1.98000            0.121992    
         2.10000            0.136200    
         2.22000            0.159918    
         2.34000            0.203167    
         2.46000            0.275759    
         2.58000            0.346881    
         2.70000            0.535060    
         2.82000            0.454296    
         2.94000            0.547718    
         3.06000            0.581644    
         3.18000            0.431426    
         3.30000            0.225070    
         3.42000            0.157311    
         3.54000            0.906165E-01
         3.66000            0.612917E-01
         3.78000            0.454651E-01
         3.90000            0.258851E-01
         4.02000            0.179666E-01
         4.14000            0.881326E-02
         4.26000            0.742392E-02
         4.38000            0.273040E-02
         4.50000            0.251885E-02
         4.62000            0.125567E-02
         4.74000            0.269402E-03
         4.86000            0.211251E-05
         4.98000            0.171036E-04
         5.10000            0.100000E-19
         5.22000            0.100000E-19
         5.34000            0.100000E-19
         5.46000            0.100000E-19
         5.58000            0.100000E-19
         5.70000            0.100000E-19
         5.82000            0.100000E-19
         5.94000            0.100000E-19
e

 #          41 : dS/dR_l1l3 (fb)
set title "dS/dR_l1l3 (fb)"
plot "-" 
        0.600000E-01        0.100000E-19
        0.180000            0.100000E-19
        0.300000            0.100000E-19
        0.420000            0.546162E-01
        0.540000            0.101472    
        0.660000            0.121952    
        0.780000            0.143950    
        0.900000            0.278633    
         1.02000            0.167594    
         1.14000            0.179170    
         1.26000            0.172276    
         1.38000            0.197921    
         1.50000            0.207618    
         1.62000            0.212962    
         1.74000            0.215125    
         1.86000            0.227471    
         1.98000            0.259079    
         2.10000            0.244402    
         2.22000            0.242845    
         2.34000            0.260932    
         2.46000            0.254452    
         2.58000            0.278665    
         2.70000            0.287318    
         2.82000            0.261606    
         2.94000            0.302515    
         3.06000            0.315177    
         3.18000            0.192286    
         3.30000            0.104771    
         3.42000            0.620507E-01
         3.54000            0.370921E-01
         3.66000            0.247768E-01
         3.78000            0.168907E-01
         3.90000            0.820419E-02
         4.02000            0.787357E-02
         4.14000            0.245655E-02
         4.26000            0.164264E-02
         4.38000            0.953681E-03
         4.50000            0.646422E-03
         4.62000            0.467070E-03
         4.74000            0.136172E-03
         4.86000            0.155256E-03
         4.98000            0.125344E-04
         5.10000            0.308032E-05
         5.22000            0.807110E-05
         5.34000            0.169510E-03
         5.46000            0.612638E-04
         5.58000            0.238855E-05
         5.70000            0.100000E-19
         5.82000            0.100000E-19
         5.94000            0.100000E-19
e

 #          42 : dS/dR_l1l4 (fb)
set title "dS/dR_l1l4 (fb)"
plot "-" 
        0.600000E-01        0.100000E-19
        0.180000            0.100000E-19
        0.300000            0.100000E-19
        0.420000            0.627729E-01
        0.540000            0.114645    
        0.660000            0.128301    
        0.780000            0.140439    
        0.900000            0.177347    
         1.02000            0.174449    
         1.14000            0.188880    
         1.26000            0.200566    
         1.38000            0.220134    
         1.50000            0.216743    
         1.62000            0.213040    
         1.74000            0.223673    
         1.86000            0.231795    
         1.98000            0.228769    
         2.10000            0.231886    
         2.22000            0.241087    
         2.34000            0.256709    
         2.46000            0.245486    
         2.58000            0.264232    
         2.70000            0.258197    
         2.82000            0.270639    
         2.94000            0.406497    
         3.06000            0.282036    
         3.18000            0.203168    
         3.30000            0.101291    
         3.42000            0.582729E-01
         3.54000            0.403469E-01
         3.66000            0.255787E-01
         3.78000            0.157669E-01
         3.90000            0.755094E-02
         4.02000            0.649169E-02
         4.14000            0.456732E-02
         4.26000            0.221919E-02
         4.38000            0.136275E-02
         4.50000            0.110811E-02
         4.62000            0.861924E-03
         4.74000            0.351488E-03
         4.86000            0.124631E-03
         4.98000            0.122001E-05
         5.10000            0.729099E-04
         5.22000            0.911673E-03
         5.34000            0.542734E-05
         5.46000            0.374760E-04
         5.58000            0.100000E-19
         5.70000            0.100000E-19
         5.82000            0.100000E-19
         5.94000            0.100000E-19
e

 #          43 : dS/dR_l2l3 (fb)
set title "dS/dR_l2l3 (fb)"
plot "-" 
        0.600000E-01        0.100000E-19
        0.180000            0.100000E-19
        0.300000            0.100000E-19
        0.420000            0.599044E-01
        0.540000            0.112848    
        0.660000            0.141896    
        0.780000            0.147216    
        0.900000            0.166954    
         1.02000            0.170298    
         1.14000            0.184862    
         1.26000            0.202503    
         1.38000            0.212693    
         1.50000            0.223298    
         1.62000            0.209167    
         1.74000            0.228310    
         1.86000            0.227712    
         1.98000            0.228430    
         2.10000            0.231323    
         2.22000            0.235426    
         2.34000            0.254941    
         2.46000            0.246028    
         2.58000            0.273232    
         2.70000            0.279569    
         2.82000            0.267383    
         2.94000            0.401736    
         3.06000            0.283266    
         3.18000            0.198016    
         3.30000            0.109657    
         3.42000            0.531179E-01
         3.54000            0.318151E-01
         3.66000            0.281869E-01
         3.78000            0.135724E-01
         3.90000            0.980453E-02
         4.02000            0.647813E-02
         4.14000            0.398356E-02
         4.26000            0.129101E-02
         4.38000            0.174121E-02
         4.50000            0.452644E-03
         4.62000            0.149874E-03
         4.74000            0.680884E-03
         4.86000            0.102197E-03
         4.98000            0.205988E-03
         5.10000            0.158613E-03
         5.22000            0.219254E-06
         5.34000            0.404353E-05
         5.46000            0.318218E-06
         5.58000            0.100000E-19
         5.70000            0.100000E-19
         5.82000            0.100000E-19
         5.94000            0.100000E-19
e

 #          44 : dS/dR_l2l4 (fb)
set title "dS/dR_l2l4 (fb)"
plot "-" 
        0.600000E-01        0.100000E-19
        0.180000            0.100000E-19
        0.300000            0.100000E-19
        0.420000            0.567512E-01
        0.540000            0.104570    
        0.660000            0.120242    
        0.780000            0.136244    
        0.900000            0.158192    
         1.02000            0.152356    
         1.14000            0.295405    
         1.26000            0.189955    
         1.38000            0.187284    
         1.50000            0.200884    
         1.62000            0.216252    
         1.74000            0.215214    
         1.86000            0.235009    
         1.98000            0.244651    
         2.10000            0.244609    
         2.22000            0.250511    
         2.34000            0.262060    
         2.46000            0.280238    
         2.58000            0.254864    
         2.70000            0.276258    
         2.82000            0.280484    
         2.94000            0.311663    
         3.06000            0.294843    
         3.18000            0.215269    
         3.30000            0.950718E-01
         3.42000            0.598397E-01
         3.54000            0.466308E-01
         3.66000            0.229715E-01
         3.78000            0.148921E-01
         3.90000            0.876277E-02
         4.02000            0.530319E-02
         4.14000            0.476447E-02
         4.26000            0.146905E-02
         4.38000            0.854328E-03
         4.50000            0.143451E-02
         4.62000            0.464997E-03
         4.74000            0.157245E-02
         4.86000            0.156491E-03
         4.98000            0.169406E-03
         5.10000            0.791724E-04
         5.22000            0.100000E-19
         5.34000            0.169316E-03
         5.46000            0.100000E-19
         5.58000            0.100000E-19
         5.70000            0.100000E-19
         5.82000            0.100000E-19
         5.94000            0.100000E-19
e

 #          45 : dS/dR_l3l4 (fb)
set title "dS/dR_l3l4 (fb)"
plot "-" 
        0.600000E-01        0.100000E-19
        0.180000            0.100000E-19
        0.300000            0.100000E-19
        0.420000            0.270949E-01
        0.540000            0.456380E-01
        0.660000            0.670435E-01
        0.780000            0.666866E-01
        0.900000            0.743806E-01
         1.02000            0.876329E-01
         1.14000            0.844123E-01
         1.26000            0.826253E-01
         1.38000            0.768574E-01
         1.50000            0.873770E-01
         1.62000            0.101221    
         1.74000            0.109997    
         1.86000            0.121390    
         1.98000            0.134585    
         2.10000            0.251839    
         2.22000            0.153370    
         2.34000            0.210874    
         2.46000            0.259576    
         2.58000            0.351655    
         2.70000            0.426294    
         2.82000            0.457773    
         2.94000            0.512805    
         3.06000            0.575813    
         3.18000            0.428430    
         3.30000            0.229493    
         3.42000            0.144698    
         3.54000            0.985299E-01
         3.66000            0.637099E-01
         3.78000            0.465854E-01
         3.90000            0.247709E-01
         4.02000            0.191307E-01
         4.14000            0.123755E-01
         4.26000            0.448592E-02
         4.38000            0.312361E-02
         4.50000            0.417808E-02
         4.62000            0.843263E-03
         4.74000            0.234573E-03
         4.86000            0.865237E-03
         4.98000            0.214356E-04
         5.10000            0.100000E-19
         5.22000            0.100000E-19
         5.34000            0.100000E-19
         5.46000            0.100000E-19
         5.58000            0.100000E-19
         5.70000            0.100000E-19
         5.82000            0.100000E-19
         5.94000            0.100000E-19
e

 #          46 : dS/r1
set title "dS/r1"
plot "-" 
        0.250000E-01         1.16955    
        0.750000E-01         1.17101    
        0.125000             1.22160    
        0.175000             1.20686    
        0.225000             1.20223    
        0.275000             1.19696    
        0.325000             1.17786    
        0.375000             1.19784    
        0.425000             1.21275    
        0.475000             1.21567    
        0.525000             1.10358    
        0.575000            0.277364E-03
        0.625000            0.100288E-06
        0.675000            0.100000E-19
        0.725000            0.100000E-19
        0.775000            0.100000E-19
        0.825000            0.100000E-19
        0.875000            0.100000E-19
        0.925000            0.100000E-19
        0.975000            0.100000E-19
e

 #          47 : dS/r2
set title "dS/r2"
plot "-" 
        0.250000E-01         12.9241    
        0.750000E-01        0.103938    
        0.125000            0.150244E-01
        0.175000            0.517745E-02
        0.225000            0.312545E-02
        0.275000            0.173901E-02
        0.325000            0.880478E-03
        0.375000            0.137345E-02
        0.425000            0.955923E-03
        0.475000            0.652415E-03
        0.525000            0.609909E-03
        0.575000            0.973651E-03
        0.625000            0.745504E-03
        0.675000            0.653089E-03
        0.725000            0.110662E-02
        0.775000            0.131974E-02
        0.825000            0.154962E-02
        0.875000            0.181071E-02
        0.925000            0.420775E-02
        0.975000            0.621860E-02
e

 #          48 : dS/r3
set title "dS/r3"
plot "-" 
        0.250000E-01         12.9215    
        0.750000E-01        0.101675    
        0.125000            0.164347E-01
        0.175000            0.714835E-02
        0.225000            0.192331E-02
        0.275000            0.231349E-02
        0.325000            0.115981E-02
        0.375000            0.976878E-03
        0.425000            0.997527E-03
        0.475000            0.981364E-03
        0.525000            0.976542E-03
        0.575000            0.745252E-03
        0.625000            0.991174E-03
        0.675000            0.600468E-03
        0.725000            0.139916E-02
        0.775000            0.976753E-03
        0.825000            0.153924E-02
        0.875000            0.271602E-02
        0.925000            0.326686E-02
        0.975000            0.785156E-02
e

 #          49 : dS/r4
set title "dS/r4"
plot "-" 
        0.250000E-01        0.100000E-19
        0.750000E-01        0.100000E-19
        0.125000            0.608427E-03
        0.175000            0.634717E-03
        0.225000            0.100153E-01
        0.275000            0.154512    
        0.325000            0.785660    
        0.375000             1.50110    
        0.425000             1.86639    
        0.475000             2.02728    
        0.525000             2.05978    
        0.575000             1.91357    
        0.625000             1.52218    
        0.675000            0.768146    
        0.725000            0.461422    
        0.775000            0.405606E-02
        0.825000            0.839213E-03
        0.875000            0.100000E-19
        0.925000            0.100000E-19
        0.975000            0.100000E-19
e

 #          91 : dS/dpTl1 (fb)
set title "dS/dpTl1 (fb)"
plot "-" 
         5.00000            0.100000E-19
         15.0000            0.209116E-01
         25.0000            0.184889E-01
         35.0000            0.151767E-01
         45.0000            0.730330E-02
         55.0000            0.132663E-02
         65.0000            0.308138E-03
         75.0000            0.246642E-03
         85.0000            0.212355E-03
         95.0000            0.188955E-03
         105.000            0.224976E-03
         115.000            0.190077E-03
         125.000            0.132737E-03
         135.000            0.115877E-03
         145.000            0.992497E-04
         155.000            0.892026E-04
         165.000            0.558939E-04
         175.000            0.666766E-04
         185.000            0.383576E-04
         195.000            0.411361E-04
         205.000            0.172125E-04
         215.000            0.203421E-04
         225.000            0.487436E-04
         235.000            0.237302E-04
         245.000            0.774497E-05
         255.000            0.128887E-04
         265.000            0.117214E-04
         275.000            0.398855E-05
         285.000            0.231825E-05
         295.000            0.366324E-05
         305.000            0.378503E-05
         315.000            0.156016E-05
         325.000            0.314056E-06
         335.000            0.226284E-05
         345.000            0.660262E-06
         355.000            0.227604E-06
         365.000            0.763682E-06
         375.000            0.218424E-08
         385.000            0.767638E-10
         395.000            0.739173E-06
         405.000            0.778564E-06
         415.000            0.248703E-08
         425.000            0.100000E-19
         435.000            0.100000E-19
         445.000            0.870474E-07
         455.000            0.100000E-19
         465.000            0.100000E-19
         475.000            0.129752E-07
         485.000            0.203283E-09
         495.000            0.145902E-07
e

 #          92 : dS/dpTl2 (fb)
set title "dS/dpTl2 (fb)"
plot "-" 
         5.00000            0.100000E-19
         15.0000            0.205754E-01
         25.0000            0.183995E-01
         35.0000            0.154823E-01
         45.0000            0.741476E-02
         55.0000            0.136821E-02
         65.0000            0.296701E-03
         75.0000            0.253214E-03
         85.0000            0.209364E-03
         95.0000            0.226129E-03
         105.000            0.151811E-03
         115.000            0.154275E-03
         125.000            0.142800E-03
         135.000            0.119445E-03
         145.000            0.102270E-03
         155.000            0.734353E-04
         165.000            0.100432E-03
         175.000            0.503915E-04
         185.000            0.373138E-04
         195.000            0.421988E-04
         205.000            0.199914E-04
         215.000            0.268402E-04
         225.000            0.148686E-04
         235.000            0.123850E-04
         245.000            0.148286E-04
         255.000            0.297780E-04
         265.000            0.120896E-04
         275.000            0.514785E-05
         285.000            0.460290E-05
         295.000            0.249424E-04
         305.000            0.255161E-05
         315.000            0.117803E-05
         325.000            0.169490E-05
         335.000            0.234280E-06
         345.000            0.426942E-06
         355.000            0.409295E-05
         365.000            0.137652E-06
         375.000            0.473940E-05
         385.000            0.100000E-19
         395.000            0.100000E-19
         405.000            0.366886E-06
         415.000            0.121690E-07
         425.000            0.204302E-09
         435.000            0.346122E-07
         445.000            0.108882E-08
         455.000            0.100000E-19
         465.000            0.393291E-10
         475.000            0.100000E-19
         485.000            0.100000E-19
         495.000            0.100000E-19
e

 #          93 : dS/dpTl3 (fb)
set title "dS/dpTl3 (fb)"
plot "-" 
         5.00000            0.100000E-19
         15.0000            0.213897E-01
         25.0000            0.196835E-01
         35.0000            0.134389E-01
         45.0000            0.738503E-02
         55.0000            0.130239E-02
         65.0000            0.268260E-03
         75.0000            0.238458E-03
         85.0000            0.227834E-03
         95.0000            0.214323E-03
         105.000            0.193467E-03
         115.000            0.192529E-03
         125.000            0.110820E-03
         135.000            0.125546E-03
         145.000            0.852474E-04
         155.000            0.844737E-04
         165.000            0.577721E-04
         175.000            0.743591E-04
         185.000            0.795022E-04
         195.000            0.428226E-04
         205.000            0.536939E-04
         215.000            0.343215E-04
         225.000            0.154886E-04
         235.000            0.201466E-04
         245.000            0.102152E-04
         255.000            0.783887E-05
         265.000            0.130144E-04
         275.000            0.565848E-05
         285.000            0.692798E-05
         295.000            0.239788E-05
         305.000            0.521888E-05
         315.000            0.192966E-05
         325.000            0.289217E-05
         335.000            0.508389E-05
         345.000            0.292019E-06
         355.000            0.142670E-06
         365.000            0.174070E-06
         375.000            0.175408E-07
         385.000            0.206325E-07
         395.000            0.304273E-07
         405.000            0.358118E-06
         415.000            0.204302E-09
         425.000            0.706198E-07
         435.000            0.393291E-10
         445.000            0.100000E-19
         455.000            0.108882E-08
         465.000            0.100000E-19
         475.000            0.100000E-19
         485.000            0.818799E-10
         495.000            0.100000E-19
e

 #          94 : dS/dpTl4 (fb)
set title "dS/dpTl4 (fb)"
plot "-" 
         5.00000            0.100000E-19
         15.0000            0.210002E-01
         25.0000            0.199589E-01
         35.0000            0.137709E-01
         45.0000            0.716955E-02
         55.0000            0.132534E-02
         65.0000            0.317027E-03
         75.0000            0.270005E-03
         85.0000            0.224769E-03
         95.0000            0.224064E-03
         105.000            0.192325E-03
         115.000            0.159181E-03
         125.000            0.140912E-03
         135.000            0.110673E-03
         145.000            0.919970E-04
         155.000            0.838625E-04
         165.000            0.575573E-04
         175.000            0.501641E-04
         185.000            0.324672E-04
         195.000            0.238839E-04
         205.000            0.325729E-04
         215.000            0.185462E-04
         225.000            0.165019E-04
         235.000            0.864597E-05
         245.000            0.172147E-04
         255.000            0.818437E-05
         265.000            0.225394E-04
         275.000            0.467796E-05
         285.000            0.232371E-04
         295.000            0.114864E-04
         305.000            0.632536E-05
         315.000            0.946485E-06
         325.000            0.604272E-06
         335.000            0.214382E-05
         345.000            0.153472E-05
         355.000            0.286498E-06
         365.000            0.585508E-06
         375.000            0.155272E-06
         385.000            0.542467E-07
         395.000            0.106375E-06
         405.000            0.100000E-19
         415.000            0.718540E-06
         425.000            0.100000E-19
         435.000            0.100000E-19
         445.000            0.488183E-08
         455.000            0.121690E-07
         465.000            0.100000E-19
         475.000            0.157221E-07
         485.000            0.100000E-19
         495.000            0.100000E-19
e

 #          95 : dS/costh1 (fb)
set title "dS/costh1 (fb)"
plot "-" 
        0.500000E-01         1.00261    
        0.150000            0.867239    
        0.250000            0.827369    
        0.350000            0.783608    
        0.450000            0.703863    
        0.550000            0.653936    
        0.650000            0.545775    
        0.750000            0.461005    
        0.850000            0.389259    
        0.950000            0.303432    
e

 #          96 : dS/costh2 (fb)
set title "dS/costh2 (fb)"
plot "-" 
        0.500000E-01         1.04433    
        0.150000            0.862108    
        0.250000            0.837113    
        0.350000            0.791626    
        0.450000            0.729638    
        0.550000            0.627272    
        0.650000            0.529439    
        0.750000            0.453233    
        0.850000            0.360549    
        0.950000            0.302787    
e

 #          97 : dS/costhstar (fb)
set title "dS/costhstar (fb)"
plot "-" 
        0.500000E-01        0.667931    
        0.150000            0.689198    
        0.250000            0.708484    
        0.350000            0.672118    
        0.450000            0.778964    
        0.550000            0.634139    
        0.650000            0.626815    
        0.750000            0.609181    
        0.850000            0.569426    
        0.950000            0.581840    
e

 #          98 : dS/cosphitilde (fb)
set title "dS/cosphitilde (fb)"
plot "-" 
        0.500000E-01        0.549459    
        0.150000            0.572425    
        0.250000            0.721800    
        0.350000            0.563055    
        0.450000            0.579485    
        0.550000            0.561290    
        0.650000            0.600547    
        0.750000            0.600251    
        0.850000            0.628836    
        0.950000             1.16095    
e

 #          99 : dS/cosphi (fb)
set title "dS/cosphi (fb)"
plot "-" 
        0.500000E-01        0.700745    
        0.150000            0.667800    
        0.250000            0.682400    
        0.350000            0.677484    
        0.450000            0.686203    
        0.550000            0.675262    
        0.650000            0.814410    
        0.750000            0.627700    
        0.850000            0.555806    
        0.950000            0.450285    
e

 #         100 : dS/costhstar2 (fb)
set title "dS/costhstar2 (fb)"
plot "-" 
        0.500000E-01        0.655525    
        0.150000            0.631221    
        0.250000            0.643494    
        0.350000            0.662233    
        0.450000            0.826262    
        0.550000            0.692593    
        0.650000            0.748390    
        0.750000            0.804579    
        0.850000            0.922964    
        0.950000             1.77575    
e

 #         105 : dS/dmZZ (fb/GeV)
set title "dS/dmZZ (fb/GeV)"
plot "-" 
         10.0000            0.100000E-19
         30.0000            0.100000E-19
         50.0000            0.100000E-19
         70.0000            0.100000E-19
         90.0000            0.100000E-19
         110.000            0.100000E-19
         130.000            0.308564E-01
         150.000            0.174491E-04
         170.000            0.880311E-04
         190.000            0.760829E-04
         210.000            0.784898E-04
         230.000            0.701165E-04
         250.000            0.633563E-04
         270.000            0.730857E-04
         290.000            0.650866E-04
         310.000            0.606149E-04
         330.000            0.720722E-04
         350.000            0.732269E-04
         370.000            0.929254E-04
         390.000            0.974864E-04
         410.000            0.108824E-03
         430.000            0.838242E-04
         450.000            0.740076E-04
         470.000            0.847610E-04
         490.000            0.625082E-04
         510.000            0.573874E-04
         530.000            0.496489E-04
         550.000            0.448216E-04
         570.000            0.380855E-04
         590.000            0.295229E-04
         610.000            0.258763E-04
         630.000            0.293213E-04
         650.000            0.238699E-04
         670.000            0.204335E-04
         690.000            0.138441E-04
         710.000            0.122261E-04
         730.000            0.115062E-04
         750.000            0.140285E-04
         770.000            0.985347E-05
         790.000            0.947244E-05
         810.000            0.219126E-04
         830.000            0.185144E-04
         850.000            0.210475E-04
         870.000            0.139042E-04
         890.000            0.457528E-05
         910.000            0.667066E-05
         930.000            0.568118E-06
         950.000            0.294201E-05
         970.000            0.754960E-06
         990.000            0.648789E-07
e

 #         106 : dS/dmTZLm (fb/GeV)
set title "dS/dmTZLm (fb/GeV)"
plot "-" 
         10.0000            0.162433E-02
         30.0000            0.846494E-02
         50.0000            0.555898E-02
         70.0000            0.130997E-01
         90.0000            0.392931E-02
         110.000            0.723042E-05
         130.000            0.427772E-05
         150.000            0.141084E-05
         170.000            0.100000E-19
         190.000            0.164117E-06
         210.000            0.116272E-06
         230.000            0.100000E-19
         250.000            0.100000E-19
         270.000            0.100000E-19
         290.000            0.100000E-19
         310.000            0.100000E-19
         330.000            0.100000E-19
         350.000            0.100000E-19
         370.000            0.100000E-19
         390.000            0.100000E-19
         410.000            0.100000E-19
         430.000            0.100000E-19
         450.000            0.100000E-19
         470.000            0.100000E-19
         490.000            0.100000E-19
         510.000            0.100000E-19
         530.000            0.100000E-19
         550.000            0.100000E-19
         570.000            0.316569E-09
         590.000            0.100000E-19
         610.000            0.100000E-19
         630.000            0.100000E-19
         650.000            0.100000E-19
         670.000            0.100000E-19
         690.000            0.100000E-19
         710.000            0.100000E-19
         730.000            0.100000E-19
         750.000            0.100000E-19
         770.000            0.100000E-19
         790.000            0.100000E-19
         810.000            0.100000E-19
         830.000            0.100000E-19
         850.000            0.100000E-19
         870.000            0.100000E-19
         890.000            0.100000E-19
         910.000            0.100000E-19
         930.000            0.100000E-19
         950.000            0.100000E-19
         970.000            0.100000E-19
         990.000            0.100000E-19
e

 #         107 : dS/dmlll (fb/GeV)
set title "dS/dmlll (fb/GeV)"
plot "-" 
         10.0000            0.165971E-02
         30.0000            0.936364E-02
         50.0000            0.567096E-02
         70.0000            0.120912E-01
         90.0000            0.388884E-02
         110.000            0.687564E-05
         130.000            0.486987E-05
         150.000            0.146408E-05
         170.000            0.671004E-06
         190.000            0.851886E-06
         210.000            0.144323E-05
         230.000            0.100000E-19
         250.000            0.100000E-19
         270.000            0.100000E-19
         290.000            0.100000E-19
         310.000            0.100000E-19
         330.000            0.100000E-19
         350.000            0.100000E-19
         370.000            0.100000E-19
         390.000            0.100000E-19
         410.000            0.100000E-19
         430.000            0.100000E-19
         450.000            0.100000E-19
         470.000            0.100000E-19
         490.000            0.100000E-19
         510.000            0.100000E-19
         530.000            0.100000E-19
         550.000            0.100000E-19
         570.000            0.100000E-19
         590.000            0.100000E-19
         610.000            0.100000E-19
         630.000            0.100000E-19
         650.000            0.100000E-19
         670.000            0.100000E-19
         690.000            0.100000E-19
         710.000            0.100000E-19
         730.000            0.100000E-19
         750.000            0.100000E-19
         770.000            0.100000E-19
         790.000            0.100000E-19
         810.000            0.100000E-19
         830.000            0.100000E-19
         850.000            0.100000E-19
         870.000            0.100000E-19
         890.000            0.100000E-19
         910.000            0.100000E-19
         930.000            0.100000E-19
         950.000            0.100000E-19
         970.000            0.100000E-19
         990.000            0.100000E-19
e

 #          10 : d2S/dcthetastar mzz
set view map
set size 3.9/5.0,3.4/3.0
unset surface
set style data pm3d
set style function pm3d
set pm3d implicit at b
set title "d2S/dcthetastar mzz"
set xlabel "cthetas"
set ylabel "mzz"
set palette rgbformulae 30,31,32 negative
splot "-" 
        0.500000E-01         25.0000             0.00000    
        0.500000E-01         75.0000             0.00000    
        0.500000E-01         125.000             0.00000    
        0.500000E-01         175.000            0.154836E-02
        0.500000E-01         225.000            0.120913E-04
        0.500000E-01         275.000            0.117300E-04
        0.500000E-01         325.000            0.103686E-04
        0.500000E-01         375.000            0.101254E-04
        0.500000E-01         425.000            0.136493E-04
        0.500000E-01         475.000            0.149405E-04
        0.500000E-01         525.000            0.111419E-04
        0.500000E-01         575.000            0.857845E-05
        0.500000E-01         625.000            0.529117E-05
        0.500000E-01         675.000            0.200853E-05
        0.500000E-01         725.000            0.199279E-05
        0.500000E-01         775.000            0.221543E-05
        0.500000E-01         825.000            0.103480E-05
        0.500000E-01         875.000            0.372607E-05
        0.500000E-01         925.000             0.00000    
        0.500000E-01         975.000             0.00000    
 
        0.150000             25.0000             0.00000    
        0.150000             75.0000             0.00000    
        0.150000             125.000             0.00000    
        0.150000             175.000            0.110738E-01
        0.150000             225.000            0.605982E-04
        0.150000             275.000            0.666936E-04
        0.150000             325.000            0.609239E-04
        0.150000             375.000            0.804132E-04
        0.150000             425.000            0.120932E-03
        0.150000             475.000            0.960310E-04
        0.150000             525.000            0.699696E-04
        0.150000             575.000            0.733798E-04
        0.150000             625.000            0.378896E-04
        0.150000             675.000            0.252544E-04
        0.150000             725.000            0.189034E-04
        0.150000             775.000            0.113844E-04
        0.150000             825.000            0.872716E-05
        0.150000             875.000            0.669455E-05
        0.150000             925.000            0.424869E-07
        0.150000             975.000            0.360386E-07
 
        0.250000             25.0000             0.00000    
        0.250000             75.0000             0.00000    
        0.250000             125.000             0.00000    
        0.250000             175.000            0.128524E-01
        0.250000             225.000            0.665017E-04
        0.250000             275.000            0.800769E-04
        0.250000             325.000            0.698866E-04
        0.250000             375.000            0.865233E-04
        0.250000             425.000            0.102538E-03
        0.250000             475.000            0.116154E-03
        0.250000             525.000            0.648390E-04
        0.250000             575.000            0.730471E-04
        0.250000             625.000            0.409290E-04
        0.250000             675.000            0.310486E-04
        0.250000             725.000            0.165001E-04
        0.250000             775.000            0.151018E-04
        0.250000             825.000            0.142536E-04
        0.250000             875.000            0.336212E-04
        0.250000             925.000            0.191029E-05
        0.250000             975.000            0.935468E-06
 
        0.350000             25.0000             0.00000    
        0.350000             75.0000             0.00000    
        0.350000             125.000             0.00000    
        0.350000             175.000            0.132481E-01
        0.350000             225.000            0.721473E-04
        0.350000             275.000            0.858360E-04
        0.350000             325.000            0.788036E-04
        0.350000             375.000            0.854828E-04
        0.350000             425.000            0.115273E-03
        0.350000             475.000            0.122280E-03
        0.350000             525.000            0.912381E-04
        0.350000             575.000            0.711490E-04
        0.350000             625.000            0.456952E-04
        0.350000             675.000            0.277943E-04
        0.350000             725.000            0.186457E-04
        0.350000             775.000            0.143785E-04
        0.350000             825.000            0.115178E-04
        0.350000             875.000            0.914180E-05
        0.350000             925.000            0.362547E-05
        0.350000             975.000            0.170294E-05
 
        0.450000             25.0000             0.00000    
        0.450000             75.0000             0.00000    
        0.450000             125.000             0.00000    
        0.450000             175.000            0.127732E-01
        0.450000             225.000            0.708589E-04
        0.450000             275.000            0.770255E-04
        0.450000             325.000            0.752250E-04
        0.450000             375.000            0.753977E-04
        0.450000             425.000            0.977736E-04
        0.450000             475.000            0.110378E-03
        0.450000             525.000            0.104389E-03
        0.450000             575.000            0.647331E-04
        0.450000             625.000            0.410785E-04
        0.450000             675.000            0.261603E-04
        0.450000             725.000            0.183028E-04
        0.450000             775.000            0.133451E-04
        0.450000             825.000            0.155563E-04
        0.450000             875.000            0.642804E-05
        0.450000             925.000            0.112698E-04
        0.450000             975.000            0.193313E-06
 
        0.550000             25.0000             0.00000    
        0.550000             75.0000             0.00000    
        0.550000             125.000             0.00000    
        0.550000             175.000            0.139110E-01
        0.550000             225.000            0.593172E-04
        0.550000             275.000            0.798466E-04
        0.550000             325.000            0.668961E-04
        0.550000             375.000            0.658651E-04
        0.550000             425.000            0.104410E-03
        0.550000             475.000            0.940333E-04
        0.550000             525.000            0.837912E-04
        0.550000             575.000            0.495663E-04
        0.550000             625.000            0.365388E-04
        0.550000             675.000            0.307285E-04
        0.550000             725.000            0.199759E-04
        0.550000             775.000            0.132862E-04
        0.550000             825.000            0.113640E-04
        0.550000             875.000            0.417856E-05
        0.550000             925.000            0.756705E-05
        0.550000             975.000            0.179015E-06
 
        0.650000             25.0000             0.00000    
        0.650000             75.0000             0.00000    
        0.650000             125.000             0.00000    
        0.650000             175.000            0.127741E-01
        0.650000             225.000            0.670553E-04
        0.650000             275.000            0.650609E-04
        0.650000             325.000            0.732043E-04
        0.650000             375.000            0.588771E-04
        0.650000             425.000            0.851203E-04
        0.650000             475.000            0.860640E-04
        0.650000             525.000            0.842875E-04
        0.650000             575.000            0.424136E-04
        0.650000             625.000            0.301722E-04
        0.650000             675.000            0.319021E-04
        0.650000             725.000            0.267151E-04
        0.650000             775.000            0.154888E-04
        0.650000             825.000            0.131288E-04
        0.650000             875.000            0.184336E-04
        0.650000             925.000            0.371145E-04
        0.650000             975.000            0.371461E-05
 
        0.750000             25.0000             0.00000    
        0.750000             75.0000             0.00000    
        0.750000             125.000             0.00000    
        0.750000             175.000            0.119339E-01
        0.750000             225.000            0.723029E-04
        0.750000             275.000            0.650872E-04
        0.750000             325.000            0.652746E-04
        0.750000             375.000            0.553503E-04
        0.750000             425.000            0.823599E-04
        0.750000             475.000            0.758436E-04
        0.750000             525.000            0.936594E-04
        0.750000             575.000            0.443533E-04
        0.750000             625.000            0.370953E-04
        0.750000             675.000            0.392707E-04
        0.750000             725.000            0.233534E-04
        0.750000             775.000            0.155993E-04
        0.750000             825.000            0.113346E-04
        0.750000             875.000            0.203788E-04
        0.750000             925.000            0.136529E-04
        0.750000             975.000            0.288225E-05
 
        0.850000             25.0000             0.00000    
        0.850000             75.0000             0.00000    
        0.850000             125.000             0.00000    
        0.850000             175.000            0.114160E-01
        0.850000             225.000            0.682774E-04
        0.850000             275.000            0.577619E-04
        0.850000             325.000            0.500468E-04
        0.850000             375.000            0.703297E-04
        0.850000             425.000            0.840833E-04
        0.850000             475.000            0.858833E-04
        0.850000             525.000            0.483533E-04
        0.850000             575.000            0.340125E-04
        0.850000             625.000            0.345362E-04
        0.850000             675.000            0.263958E-04
        0.850000             725.000            0.196567E-04
        0.850000             775.000            0.105264E-04
        0.850000             825.000            0.246681E-04
        0.850000             875.000            0.893480E-04
        0.850000             925.000            0.286158E-04
        0.850000             975.000            0.251931E-05
 
        0.950000             25.0000             0.00000    
        0.950000             75.0000             0.00000    
        0.950000             125.000             0.00000    
        0.950000             175.000            0.108208E-01
        0.950000             225.000            0.560286E-04
        0.950000             275.000            0.634582E-04
        0.950000             325.000            0.606234E-04
        0.950000             375.000            0.454424E-04
        0.950000             425.000            0.617392E-04
        0.950000             475.000            0.660041E-04
        0.950000             525.000            0.484135E-04
        0.950000             575.000            0.336030E-04
        0.950000             625.000            0.295926E-04
        0.950000             675.000            0.180799E-04
        0.950000             725.000            0.131419E-04
        0.950000             775.000            0.955627E-05
        0.950000             825.000            0.684869E-05
        0.950000             875.000            0.341800E-05
        0.950000             925.000            0.116298E-05
        0.950000             975.000            0.518939E-05
 
e
