set output "bsm.1.ps"
set terminal postscript color
set style data histeps
set key off

 #          39 : dS/deta_l (fb)
set title "dS/deta_l (fb)"
plot "-" 
        -4.90000            0.100000E-19
        -4.70000            0.100000E-19
        -4.50000            0.100000E-19
        -4.30000            0.100000E-19
        -4.10000            0.100000E-19
        -3.90000            0.100000E-19
        -3.70000            0.100000E-19
        -3.50000            0.100000E-19
        -3.30000            0.100000E-19
        -3.10000            0.100000E-19
        -2.90000            0.100000E-19
        -2.70000            0.100000E-19
        -2.50000            0.822641E-02
        -2.30000            0.244463E-01
        -2.10000            0.284869E-01
        -1.90000            0.344195E-01
        -1.70000            0.447976E-01
        -1.50000            0.501666E-01
        -1.30000            0.613373E-01
        -1.10000            0.662737E-01
       -0.900000            0.824687E-01
       -0.700000            0.991801E-01
       -0.500000            0.896715E-01
       -0.300000            0.980443E-01
       -0.100000            0.897514E-01
        0.100000            0.937944E-01
        0.300000            0.885562E-01
        0.500000            0.879784E-01
        0.700000            0.825410E-01
        0.900000            0.785228E-01
         1.10000            0.677625E-01
         1.30000            0.658547E-01
         1.50000            0.491680E-01
         1.70000            0.463358E-01
         1.90000            0.379091E-01
         2.10000            0.291655E-01
         2.30000            0.217083E-01
         2.50000            0.775032E-02
         2.70000            0.100000E-19
         2.90000            0.100000E-19
         3.10000            0.100000E-19
         3.30000            0.100000E-19
         3.50000            0.100000E-19
         3.70000            0.100000E-19
         3.90000            0.100000E-19
         4.10000            0.100000E-19
         4.30000            0.100000E-19
         4.50000            0.100000E-19
         4.70000            0.100000E-19
         4.90000            0.100000E-19
e

 #          40 : dS/dR_l1l2 (fb)
set title "dS/dR_l1l2 (fb)"
plot "-" 
        0.600000E-01        0.100000E-19
        0.180000            0.100000E-19
        0.300000            0.100000E-19
        0.420000            0.224988E-01
        0.540000            0.471669E-01
        0.660000            0.719366E-01
        0.780000            0.839412E-01
        0.900000            0.871577E-01
         1.02000            0.950737E-01
         1.14000            0.930155E-01
         1.26000            0.806493E-01
         1.38000            0.790170E-01
         1.50000            0.764197E-01
         1.62000            0.715069E-01
         1.74000            0.703648E-01
         1.86000            0.675672E-01
         1.98000            0.714391E-01
         2.10000            0.706409E-01
         2.22000            0.803846E-01
         2.34000            0.810511E-01
         2.46000            0.854983E-01
         2.58000            0.129564    
         2.70000            0.131295    
         2.82000            0.155893    
         2.94000            0.177006    
         3.06000            0.217295    
         3.18000            0.161713    
         3.30000            0.868029E-01
         3.42000            0.526390E-01
         3.54000            0.376813E-01
         3.66000            0.246210E-01
         3.78000            0.169212E-01
         3.90000            0.106544E-01
         4.02000            0.807986E-02
         4.14000            0.381856E-02
         4.26000            0.396812E-02
         4.38000            0.123498E-02
         4.50000            0.132338E-02
         4.62000            0.390060E-03
         4.74000            0.842863E-03
         4.86000            0.696700E-04
         4.98000            0.537262E-04
         5.10000            0.100000E-19
         5.22000            0.100000E-19
         5.34000            0.100000E-19
         5.46000            0.100000E-19
         5.58000            0.100000E-19
         5.70000            0.100000E-19
         5.82000            0.100000E-19
         5.94000            0.100000E-19
e

 #          41 : dS/dR_l1l3 (fb)
set title "dS/dR_l1l3 (fb)"
plot "-" 
        0.600000E-01        0.100000E-19
        0.180000            0.100000E-19
        0.300000            0.100000E-19
        0.420000            0.229523E-01
        0.540000            0.403951E-01
        0.660000            0.444917E-01
        0.780000            0.576004E-01
        0.900000            0.574011E-01
         1.02000            0.675535E-01
         1.14000            0.668662E-01
         1.26000            0.669453E-01
         1.38000            0.741452E-01
         1.50000            0.773094E-01
         1.62000            0.757326E-01
         1.74000            0.913177E-01
         1.86000            0.898217E-01
         1.98000            0.988052E-01
         2.10000            0.991815E-01
         2.22000            0.111929    
         2.34000            0.121816    
         2.46000            0.127059    
         2.58000            0.140157    
         2.70000            0.156998    
         2.82000            0.180851    
         2.94000            0.180222    
         3.06000            0.177480    
         3.18000            0.137449    
         3.30000            0.627163E-01
         3.42000            0.427976E-01
         3.54000            0.254828E-01
         3.66000            0.208391E-01
         3.78000            0.145606E-01
         3.90000            0.869290E-02
         4.02000            0.584987E-02
         4.14000            0.323220E-02
         4.26000            0.317024E-02
         4.38000            0.168628E-02
         4.50000            0.869074E-03
         4.62000            0.658424E-03
         4.74000            0.587248E-03
         4.86000            0.682011E-03
         4.98000            0.361230E-03
         5.10000            0.276137E-03
         5.22000            0.115396E-03
         5.34000            0.221915E-05
         5.46000            0.135461E-03
         5.58000            0.100000E-19
         5.70000            0.112445E-05
         5.82000            0.100000E-19
         5.94000            0.100000E-19
e

 #          42 : dS/dR_l1l4 (fb)
set title "dS/dR_l1l4 (fb)"
plot "-" 
        0.600000E-01        0.100000E-19
        0.180000            0.100000E-19
        0.300000            0.100000E-19
        0.420000            0.213490E-01
        0.540000            0.450184E-01
        0.660000            0.486799E-01
        0.780000            0.517230E-01
        0.900000            0.642620E-01
         1.02000            0.657202E-01
         1.14000            0.938085E-01
         1.26000            0.783836E-01
         1.38000            0.788127E-01
         1.50000            0.862631E-01
         1.62000            0.842030E-01
         1.74000            0.907072E-01
         1.86000            0.929653E-01
         1.98000            0.948642E-01
         2.10000            0.939163E-01
         2.22000            0.112901    
         2.34000            0.116720    
         2.46000            0.120931    
         2.58000            0.135280    
         2.70000            0.143139    
         2.82000            0.162842    
         2.94000            0.170275    
         3.06000            0.178736    
         3.18000            0.130916    
         3.30000            0.655299E-01
         3.42000            0.411279E-01
         3.54000            0.286115E-01
         3.66000            0.183474E-01
         3.78000            0.117406E-01
         3.90000            0.100919E-01
         4.02000            0.560199E-02
         4.14000            0.381474E-02
         4.26000            0.303613E-02
         4.38000            0.262279E-02
         4.50000            0.110795E-02
         4.62000            0.128615E-02
         4.74000            0.576077E-03
         4.86000            0.715099E-03
         4.98000            0.482464E-04
         5.10000            0.297510E-03
         5.22000            0.222456E-03
         5.34000            0.100946E-05
         5.46000            0.149222E-07
         5.58000            0.100000E-19
         5.70000            0.100000E-19
         5.82000            0.100000E-19
         5.94000            0.100000E-19
e

 #          43 : dS/dR_l2l3 (fb)
set title "dS/dR_l2l3 (fb)"
plot "-" 
        0.600000E-01        0.100000E-19
        0.180000            0.100000E-19
        0.300000            0.100000E-19
        0.420000            0.231153E-01
        0.540000            0.402222E-01
        0.660000            0.455413E-01
        0.780000            0.532343E-01
        0.900000            0.631842E-01
         1.02000            0.681857E-01
         1.14000            0.722731E-01
         1.26000            0.101710    
         1.38000            0.774309E-01
         1.50000            0.809015E-01
         1.62000            0.908118E-01
         1.74000            0.906497E-01
         1.86000            0.937972E-01
         1.98000            0.907497E-01
         2.10000            0.956519E-01
         2.22000            0.104878    
         2.34000            0.117552    
         2.46000            0.123238    
         2.58000            0.134936    
         2.70000            0.147265    
         2.82000            0.162038    
         2.94000            0.174806    
         3.06000            0.175243    
         3.18000            0.127846    
         3.30000            0.704565E-01
         3.42000            0.436974E-01
         3.54000            0.280506E-01
         3.66000            0.183484E-01
         3.78000            0.141133E-01
         3.90000            0.886117E-02
         4.02000            0.560375E-02
         4.14000            0.391522E-02
         4.26000            0.358074E-02
         4.38000            0.179436E-02
         4.50000            0.130167E-02
         4.62000            0.120820E-02
         4.74000            0.462873E-03
         4.86000            0.219191E-03
         4.98000            0.106572E-03
         5.10000            0.198421E-03
         5.22000            0.116569E-04
         5.34000            0.259418E-05
         5.46000            0.608854E-08
         5.58000            0.100000E-19
         5.70000            0.100000E-19
         5.82000            0.100000E-19
         5.94000            0.100000E-19
e

 #          44 : dS/dR_l2l4 (fb)
set title "dS/dR_l2l4 (fb)"
plot "-" 
        0.600000E-01        0.100000E-19
        0.180000            0.100000E-19
        0.300000            0.100000E-19
        0.420000            0.216364E-01
        0.540000            0.373665E-01
        0.660000            0.448627E-01
        0.780000            0.516347E-01
        0.900000            0.610725E-01
         1.02000            0.647371E-01
         1.14000            0.659045E-01
         1.26000            0.702180E-01
         1.38000            0.712911E-01
         1.50000            0.790484E-01
         1.62000            0.857091E-01
         1.74000            0.882544E-01
         1.86000            0.993397E-01
         1.98000            0.980897E-01
         2.10000            0.105008    
         2.22000            0.107035    
         2.34000            0.111579    
         2.46000            0.123837    
         2.58000            0.173000    
         2.70000            0.144569    
         2.82000            0.153464    
         2.94000            0.185036    
         3.06000            0.180180    
         3.18000            0.131184    
         3.30000            0.726751E-01
         3.42000            0.431780E-01
         3.54000            0.244933E-01
         3.66000            0.190962E-01
         3.78000            0.127929E-01
         3.90000            0.972554E-02
         4.02000            0.732243E-02
         4.14000            0.357297E-02
         4.26000            0.273718E-02
         4.38000            0.277544E-02
         4.50000            0.148815E-02
         4.62000            0.122982E-02
         4.74000            0.234963E-03
         4.86000            0.544564E-03
         4.98000            0.514353E-03
         5.10000            0.201615E-03
         5.22000            0.144795E-03
         5.34000            0.397927E-03
         5.46000            0.150516E-04
         5.58000            0.100000E-19
         5.70000            0.608854E-08
         5.82000            0.100000E-19
         5.94000            0.100000E-19
e

 #          45 : dS/dR_l3l4 (fb)
set title "dS/dR_l3l4 (fb)"
plot "-" 
        0.600000E-01        0.100000E-19
        0.180000            0.100000E-19
        0.300000            0.100000E-19
        0.420000            0.180623E-01
        0.540000            0.477770E-01
        0.660000            0.717765E-01
        0.780000            0.812594E-01
        0.900000            0.848374E-01
         1.02000            0.928488E-01
         1.14000            0.905102E-01
         1.26000            0.860822E-01
         1.38000            0.796205E-01
         1.50000            0.747589E-01
         1.62000            0.735097E-01
         1.74000            0.694163E-01
         1.86000            0.661693E-01
         1.98000            0.675074E-01
         2.10000            0.688335E-01
         2.22000            0.779670E-01
         2.34000            0.805531E-01
         2.46000            0.825069E-01
         2.58000            0.109162    
         2.70000            0.140587    
         2.82000            0.164634    
         2.94000            0.183268    
         3.06000            0.207429    
         3.18000            0.155737    
         3.30000            0.874763E-01
         3.42000            0.518481E-01
         3.54000            0.620433E-01
         3.66000            0.265622E-01
         3.78000            0.173973E-01
         3.90000            0.142818E-01
         4.02000            0.875114E-02
         4.14000            0.359280E-02
         4.26000            0.294882E-02
         4.38000            0.343437E-02
         4.50000            0.169271E-02
         4.62000            0.130629E-02
         4.74000            0.794721E-03
         4.86000            0.307825E-04
         4.98000            0.105547E-03
         5.10000            0.116921E-03
         5.22000            0.100000E-19
         5.34000            0.100000E-19
         5.46000            0.100000E-19
         5.58000            0.100000E-19
         5.70000            0.100000E-19
         5.82000            0.100000E-19
         5.94000            0.100000E-19
e

 #          46 : dS/r1
set title "dS/r1"
plot "-" 
        0.250000E-01        0.430623    
        0.750000E-01        0.392225    
        0.125000            0.430428    
        0.175000            0.398037    
        0.225000            0.431388    
        0.275000            0.430086    
        0.325000            0.430979    
        0.375000            0.428685    
        0.425000            0.426614    
        0.475000            0.432303    
        0.525000             1.90549    
        0.575000            0.410583E-03
        0.625000            0.515643E-07
        0.675000            0.146125E-07
        0.725000            0.100000E-19
        0.775000            0.100000E-19
        0.825000            0.100000E-19
        0.875000            0.100000E-19
        0.925000            0.100000E-19
        0.975000            0.100000E-19
e

 #          47 : dS/r2
set title "dS/r2"
plot "-" 
        0.250000E-01         3.09912    
        0.750000E-01        0.262771    
        0.125000            0.219952    
        0.175000            0.190149    
        0.225000            0.170767    
        0.275000            0.173010    
        0.325000            0.160158    
        0.375000            0.162910    
        0.425000            0.166235    
        0.475000            0.179706    
        0.525000            0.169459    
        0.575000            0.152886    
        0.625000            0.152849    
        0.675000            0.146307    
        0.725000            0.150626    
        0.775000            0.145799    
        0.825000            0.131676    
        0.875000            0.126751    
        0.925000            0.956341E-01
        0.975000            0.805085E-01
e

 #          48 : dS/r3
set title "dS/r3"
plot "-" 
        0.250000E-01         2.99951    
        0.750000E-01        0.278650    
        0.125000            0.222717    
        0.175000            0.190194    
        0.225000            0.187459    
        0.275000            0.179830    
        0.325000            0.161785    
        0.375000            0.174023    
        0.425000            0.163581    
        0.475000            0.159782    
        0.525000            0.217920    
        0.575000            0.149696    
        0.625000            0.146919    
        0.675000            0.148375    
        0.725000            0.150532    
        0.775000            0.148098    
        0.825000            0.135212    
        0.875000            0.134985    
        0.925000            0.110200    
        0.975000            0.777986E-01
e

 #          49 : dS/r4
set title "dS/r4"
plot "-" 
        0.250000E-01        0.100000E-19
        0.750000E-01        0.158654E-05
        0.125000            0.102916E-03
        0.175000            0.189817E-02
        0.225000            0.279894E-01
        0.275000            0.111991    
        0.325000            0.403709    
        0.375000            0.681222    
        0.425000            0.921080    
        0.475000            0.926322    
        0.525000            0.950187    
        0.575000            0.885754    
        0.625000            0.678292    
        0.675000            0.398761    
        0.725000            0.131079    
        0.775000            0.174656E-01
        0.825000            0.104008E-02
        0.875000            0.374586E-03
        0.925000            0.100000E-19
        0.975000            0.100000E-19
e

 #          91 : dS/dpTl1 (fb)
set title "dS/dpTl1 (fb)"
plot "-" 
         5.00000            0.100000E-19
         15.0000            0.986529E-02
         25.0000            0.443020E-02
         35.0000            0.477457E-02
         45.0000            0.437580E-02
         55.0000            0.137404E-02
         65.0000            0.741360E-03
         75.0000            0.712087E-03
         85.0000            0.569216E-03
         95.0000            0.607515E-03
         105.000            0.484716E-03
         115.000            0.384597E-03
         125.000            0.370976E-03
         135.000            0.326981E-03
         145.000            0.286212E-03
         155.000            0.244632E-03
         165.000            0.193835E-03
         175.000            0.146280E-03
         185.000            0.159619E-03
         195.000            0.979953E-04
         205.000            0.979286E-04
         215.000            0.907083E-04
         225.000            0.577637E-04
         235.000            0.515896E-04
         245.000            0.380508E-04
         255.000            0.260724E-04
         265.000            0.340577E-04
         275.000            0.242894E-04
         285.000            0.236072E-04
         295.000            0.166184E-04
         305.000            0.118753E-04
         315.000            0.165870E-04
         325.000            0.876401E-05
         335.000            0.901298E-05
         345.000            0.805267E-05
         355.000            0.909651E-05
         365.000            0.290859E-05
         375.000            0.189308E-05
         385.000            0.316892E-05
         395.000            0.134805E-05
         405.000            0.128923E-05
         415.000            0.948137E-06
         425.000            0.131673E-05
         435.000            0.289951E-06
         445.000            0.413980E-06
         455.000            0.938123E-06
         465.000            0.238622E-06
         475.000            0.320640E-07
         485.000            0.939627E-06
         495.000            0.139927E-06
e

 #          92 : dS/dpTl2 (fb)
set title "dS/dpTl2 (fb)"
plot "-" 
         5.00000            0.100000E-19
         15.0000            0.986083E-02
         25.0000            0.458206E-02
         35.0000            0.470878E-02
         45.0000            0.425681E-02
         55.0000            0.149091E-02
         65.0000            0.702003E-03
         75.0000            0.652154E-03
         85.0000            0.635894E-03
         95.0000            0.592305E-03
         105.000            0.481580E-03
         115.000            0.419706E-03
         125.000            0.355137E-03
         135.000            0.291294E-03
         145.000            0.274925E-03
         155.000            0.251553E-03
         165.000            0.216006E-03
         175.000            0.157084E-03
         185.000            0.130125E-03
         195.000            0.111586E-03
         205.000            0.858838E-04
         215.000            0.725970E-04
         225.000            0.759946E-04
         235.000            0.525404E-04
         245.000            0.421137E-04
         255.000            0.276862E-04
         265.000            0.251222E-04
         275.000            0.238351E-04
         285.000            0.208734E-04
         295.000            0.166686E-04
         305.000            0.130697E-04
         315.000            0.937533E-05
         325.000            0.871818E-05
         335.000            0.101456E-04
         345.000            0.832700E-05
         355.000            0.538354E-05
         365.000            0.218323E-05
         375.000            0.209991E-05
         385.000            0.173756E-05
         395.000            0.118240E-05
         405.000            0.170282E-05
         415.000            0.134259E-05
         425.000            0.746670E-06
         435.000            0.166282E-06
         445.000            0.398530E-05
         455.000            0.134607E-06
         465.000            0.115842E-05
         475.000            0.715754E-07
         485.000            0.382432E-06
         495.000            0.117784E-07
e

 #          93 : dS/dpTl3 (fb)
set title "dS/dpTl3 (fb)"
plot "-" 
         5.00000            0.100000E-19
         15.0000            0.939364E-02
         25.0000            0.445398E-02
         35.0000            0.513463E-02
         45.0000            0.448898E-02
         55.0000            0.145227E-02
         65.0000            0.707483E-03
         75.0000            0.664671E-03
         85.0000            0.662201E-03
         95.0000            0.511936E-03
         105.000            0.488088E-03
         115.000            0.405473E-03
         125.000            0.387802E-03
         135.000            0.309287E-03
         145.000            0.274707E-03
         155.000            0.222228E-03
         165.000            0.192990E-03
         175.000            0.145944E-03
         185.000            0.123003E-03
         195.000            0.121370E-03
         205.000            0.113741E-03
         215.000            0.669216E-04
         225.000            0.558926E-04
         235.000            0.402587E-04
         245.000            0.650653E-04
         255.000            0.387996E-04
         265.000            0.287913E-04
         275.000            0.231967E-04
         285.000            0.168371E-04
         295.000            0.142018E-04
         305.000            0.133589E-04
         315.000            0.139931E-04
         325.000            0.143530E-04
         335.000            0.937485E-05
         345.000            0.622556E-05
         355.000            0.815176E-05
         365.000            0.281282E-05
         375.000            0.332350E-05
         385.000            0.235710E-05
         395.000            0.108488E-05
         405.000            0.116115E-05
         415.000            0.656228E-06
         425.000            0.288710E-06
         435.000            0.279502E-06
         445.000            0.345755E-05
         455.000            0.552365E-06
         465.000            0.888202E-07
         475.000            0.994831E-07
         485.000            0.329855E-07
         495.000            0.351863E-07
e

 #          94 : dS/dpTl4 (fb)
set title "dS/dpTl4 (fb)"
plot "-" 
         5.00000            0.100000E-19
         15.0000            0.928233E-02
         25.0000            0.483550E-02
         35.0000            0.483810E-02
         45.0000            0.441507E-02
         55.0000            0.141335E-02
         65.0000            0.725910E-03
         75.0000            0.693746E-03
         85.0000            0.643615E-03
         95.0000            0.532289E-03
         105.000            0.482814E-03
         115.000            0.421173E-03
         125.000            0.377333E-03
         135.000            0.357860E-03
         145.000            0.273784E-03
         155.000            0.265171E-03
         165.000            0.190812E-03
         175.000            0.170886E-03
         185.000            0.142165E-03
         195.000            0.105550E-03
         205.000            0.101545E-03
         215.000            0.729803E-04
         225.000            0.580794E-04
         235.000            0.510797E-04
         245.000            0.367475E-04
         255.000            0.336197E-04
         265.000            0.255382E-04
         275.000            0.257188E-04
         285.000            0.209598E-04
         295.000            0.120889E-04
         305.000            0.185483E-04
         315.000            0.112330E-04
         325.000            0.108518E-04
         335.000            0.660931E-05
         345.000            0.610206E-05
         355.000            0.595554E-05
         365.000            0.345136E-05
         375.000            0.579927E-05
         385.000            0.212765E-05
         395.000            0.180326E-05
         405.000            0.168265E-05
         415.000            0.973592E-06
         425.000            0.658516E-06
         435.000            0.773342E-06
         445.000            0.100201E-05
         455.000            0.672541E-06
         465.000            0.470751E-07
         475.000            0.133770E-07
         485.000            0.743298E-06
         495.000            0.100000E-19
e

 #          95 : dS/costh1 (fb)
set title "dS/costh1 (fb)"
plot "-" 
        0.500000E-01        0.474364    
        0.150000            0.451388    
        0.250000            0.460195    
        0.350000            0.366775    
        0.450000            0.339802    
        0.550000            0.287249    
        0.650000            0.240786    
        0.750000            0.192849    
        0.850000            0.150043    
        0.950000            0.105185    
e

 #          96 : dS/costh2 (fb)
set title "dS/costh2 (fb)"
plot "-" 
        0.500000E-01        0.458410    
        0.150000            0.447839    
        0.250000            0.417717    
        0.350000            0.418271    
        0.450000            0.344180    
        0.550000            0.284587    
        0.650000            0.245898    
        0.750000            0.196425    
        0.850000            0.149436    
        0.950000            0.105872    
e

 #          97 : dS/costhstar (fb)
set title "dS/costhstar (fb)"
plot "-" 
        0.500000E-01        0.345990    
        0.150000            0.372658    
        0.250000            0.354149    
        0.350000            0.333181    
        0.450000            0.325784    
        0.550000            0.302798    
        0.650000            0.290832    
        0.750000            0.258301    
        0.850000            0.240056    
        0.950000            0.244887    
e

 #          98 : dS/cosphitilde (fb)
set title "dS/cosphitilde (fb)"
plot "-" 
        0.500000E-01        0.286654    
        0.150000            0.277477    
        0.250000            0.291484    
        0.350000            0.288161    
        0.450000            0.259843    
        0.550000            0.272065    
        0.650000            0.269584    
        0.750000            0.267253    
        0.850000            0.289968    
        0.950000            0.566145    
e

 #          99 : dS/cosphi (fb)
set title "dS/cosphi (fb)"
plot "-" 
        0.500000E-01        0.352891    
        0.150000            0.332890    
        0.250000            0.320994    
        0.350000            0.325358    
        0.450000            0.325928    
        0.550000            0.317966    
        0.650000            0.307903    
        0.750000            0.307945    
        0.850000            0.256626    
        0.950000            0.220135    
e

 #         100 : dS/costhstar2 (fb)
set title "dS/costhstar2 (fb)"
plot "-" 
        0.500000E-01        0.323178    
        0.150000            0.300266    
        0.250000            0.291253    
        0.350000            0.292795    
        0.450000            0.298151    
        0.550000            0.324195    
        0.650000            0.339514    
        0.750000            0.366345    
        0.850000            0.449788    
        0.950000            0.944855    
e

 #         105 : dS/dmZZ (fb/GeV)
set title "dS/dmZZ (fb/GeV)"
plot "-" 
         10.0000            0.100000E-19
         30.0000            0.100000E-19
         50.0000            0.100000E-19
         70.0000            0.100000E-19
         90.0000            0.100000E-19
         110.000            0.100000E-19
         130.000            0.107876E-01
         150.000            0.639523E-05
         170.000            0.134581E-04
         190.000            0.117809E-03
         210.000            0.154191E-03
         230.000            0.162454E-03
         250.000            0.163221E-03
         270.000            0.171137E-03
         290.000            0.171541E-03
         310.000            0.175618E-03
         330.000            0.201104E-03
         350.000            0.231179E-03
         370.000            0.264474E-03
         390.000            0.250545E-03
         410.000            0.257792E-03
         430.000            0.236605E-03
         450.000            0.202682E-03
         470.000            0.178471E-03
         490.000            0.165152E-03
         510.000            0.173115E-03
         530.000            0.128807E-03
         550.000            0.117947E-03
         570.000            0.119876E-03
         590.000            0.105338E-03
         610.000            0.968687E-04
         630.000            0.791757E-04
         650.000            0.758659E-04
         670.000            0.591126E-04
         690.000            0.490501E-04
         710.000            0.663690E-04
         730.000            0.387814E-04
         750.000            0.388474E-04
         770.000            0.274162E-04
         790.000            0.314644E-04
         810.000            0.230119E-04
         830.000            0.271263E-04
         850.000            0.265833E-04
         870.000            0.186519E-04
         890.000            0.186319E-04
         910.000            0.148914E-04
         930.000            0.118302E-04
         950.000            0.127833E-04
         970.000            0.978840E-05
         990.000            0.598868E-05
e

 #         106 : dS/dmTZLm (fb/GeV)
set title "dS/dmTZLm (fb/GeV)"
plot "-" 
         10.0000            0.102286E-02
         30.0000            0.380370E-02
         50.0000            0.128889E-02
         70.0000            0.123928E-02
         90.0000            0.782460E-02
         110.000            0.132882E-03
         130.000            0.179480E-04
         150.000            0.675585E-05
         170.000            0.234563E-05
         190.000            0.110598E-05
         210.000            0.792632E-06
         230.000            0.862415E-06
         250.000            0.665370E-06
         270.000            0.253710E-06
         290.000            0.136935E-06
         310.000            0.531519E-07
         330.000            0.100000E-19
         350.000            0.100000E-19
         370.000            0.912797E-09
         390.000            0.265298E-07
         410.000            0.100000E-19
         430.000            0.102987E-07
         450.000            0.100000E-19
         470.000            0.100000E-19
         490.000            0.100000E-19
         510.000            0.100000E-19
         530.000            0.100000E-19
         550.000            0.100000E-19
         570.000            0.100000E-19
         590.000            0.100000E-19
         610.000            0.100000E-19
         630.000            0.100000E-19
         650.000            0.100000E-19
         670.000            0.100000E-19
         690.000            0.100000E-19
         710.000            0.100000E-19
         730.000            0.100000E-19
         750.000            0.100000E-19
         770.000            0.100000E-19
         790.000            0.100000E-19
         810.000            0.100000E-19
         830.000            0.100000E-19
         850.000            0.100000E-19
         870.000            0.100000E-19
         890.000            0.100000E-19
         910.000            0.100000E-19
         930.000            0.159372E-10
         950.000            0.100000E-19
         970.000            0.100000E-19
         990.000            0.100000E-19
e

 #         107 : dS/dmlll (fb/GeV)
set title "dS/dmlll (fb/GeV)"
plot "-" 
         10.0000            0.966666E-03
         30.0000            0.352301E-02
         50.0000            0.135032E-02
         70.0000            0.121473E-02
         90.0000            0.812224E-02
         110.000            0.129894E-03
         130.000            0.221186E-04
         150.000            0.630436E-05
         170.000            0.362230E-05
         190.000            0.177653E-05
         210.000            0.527512E-06
         230.000            0.264179E-06
         250.000            0.151076E-06
         270.000            0.851115E-06
         290.000            0.198558E-06
         310.000            0.209321E-07
         330.000            0.363257E-07
         350.000            0.226719E-06
         370.000            0.123472E-06
         390.000            0.883303E-07
         410.000            0.100000E-19
         430.000            0.100000E-19
         450.000            0.100000E-19
         470.000            0.100000E-19
         490.000            0.100000E-19
         510.000            0.100000E-19
         530.000            0.100000E-19
         550.000            0.100000E-19
         570.000            0.100000E-19
         590.000            0.100000E-19
         610.000            0.100000E-19
         630.000            0.100000E-19
         650.000            0.100000E-19
         670.000            0.100000E-19
         690.000            0.100000E-19
         710.000            0.100000E-19
         730.000            0.100000E-19
         750.000            0.100000E-19
         770.000            0.100000E-19
         790.000            0.100000E-19
         810.000            0.100000E-19
         830.000            0.536663E-11
         850.000            0.100000E-19
         870.000            0.100000E-19
         890.000            0.100000E-19
         910.000            0.100000E-19
         930.000            0.100000E-19
         950.000            0.100000E-19
         970.000            0.100000E-19
         990.000            0.100000E-19
e

 #          10 : d2S/dcthetastar mzz
set view map
set size 3.9/5.0,3.4/3.0
unset surface
set style data pm3d
set style function pm3d
set pm3d implicit at b
set title "d2S/dcthetastar mzz"
set xlabel "cthetas"
set ylabel "mzz"
set palette rgbformulae 30,31,32 negative
splot "-" 
        0.500000E-01         25.0000             0.00000    
        0.500000E-01         75.0000             0.00000    
        0.500000E-01         125.000             0.00000    
        0.500000E-01         175.000            0.599155E-03
        0.500000E-01         225.000            0.635424E-05
        0.500000E-01         275.000            0.185215E-04
        0.500000E-01         325.000            0.240645E-04
        0.500000E-01         375.000            0.255299E-04
        0.500000E-01         425.000            0.402295E-04
        0.500000E-01         475.000            0.370939E-04
        0.500000E-01         525.000            0.407941E-04
        0.500000E-01         575.000            0.207782E-04
        0.500000E-01         625.000            0.156612E-04
        0.500000E-01         675.000            0.105471E-04
        0.500000E-01         725.000            0.689387E-05
        0.500000E-01         775.000            0.674180E-05
        0.500000E-01         825.000            0.536452E-05
        0.500000E-01         875.000            0.350980E-05
        0.500000E-01         925.000            0.168714E-05
        0.500000E-01         975.000            0.120594E-05
 
        0.150000             25.0000             0.00000    
        0.150000             75.0000             0.00000    
        0.150000             125.000             0.00000    
        0.150000             175.000            0.415645E-02
        0.150000             225.000            0.481097E-04
        0.150000             275.000            0.158874E-03
        0.150000             325.000            0.184354E-03
        0.150000             375.000            0.215023E-03
        0.150000             425.000            0.280593E-03
        0.150000             475.000            0.227459E-03
        0.150000             525.000            0.187673E-03
        0.150000             575.000            0.148529E-03
        0.150000             625.000            0.134420E-03
        0.150000             675.000            0.875978E-04
        0.150000             725.000            0.592747E-04
        0.150000             775.000            0.519499E-04
        0.150000             825.000            0.307491E-04
        0.150000             875.000            0.266578E-04
        0.150000             925.000            0.160744E-04
        0.150000             975.000            0.741178E-05
 
        0.250000             25.0000             0.00000    
        0.250000             75.0000             0.00000    
        0.250000             125.000             0.00000    
        0.250000             175.000            0.508477E-02
        0.250000             225.000            0.603919E-04
        0.250000             275.000            0.179066E-03
        0.250000             325.000            0.214433E-03
        0.250000             375.000            0.243788E-03
        0.250000             425.000            0.300714E-03
        0.250000             475.000            0.276788E-03
        0.250000             525.000            0.194347E-03
        0.250000             575.000            0.161780E-03
        0.250000             625.000            0.133507E-03
        0.250000             675.000            0.972439E-04
        0.250000             725.000            0.734209E-04
        0.250000             775.000            0.796490E-04
        0.250000             825.000            0.310066E-04
        0.250000             875.000            0.284974E-04
        0.250000             925.000            0.156304E-04
        0.250000             975.000            0.128223E-04
 
        0.350000             25.0000             0.00000    
        0.350000             75.0000             0.00000    
        0.350000             125.000             0.00000    
        0.350000             175.000            0.516972E-02
        0.350000             225.000            0.599425E-04
        0.350000             275.000            0.158748E-03
        0.350000             325.000            0.191851E-03
        0.350000             375.000            0.251477E-03
        0.350000             425.000            0.293521E-03
        0.350000             475.000            0.279491E-03
        0.350000             525.000            0.207479E-03
        0.350000             575.000            0.174104E-03
        0.350000             625.000            0.126640E-03
        0.350000             675.000            0.106606E-03
        0.350000             725.000            0.616258E-04
        0.350000             775.000            0.584216E-04
        0.350000             825.000            0.389073E-04
        0.350000             875.000            0.334464E-04
        0.350000             925.000            0.191695E-04
        0.350000             975.000            0.151641E-04
 
        0.450000             25.0000             0.00000    
        0.450000             75.0000             0.00000    
        0.450000             125.000             0.00000    
        0.450000             175.000            0.472054E-02
        0.450000             225.000            0.576416E-04
        0.450000             275.000            0.162275E-03
        0.450000             325.000            0.194202E-03
        0.450000             375.000            0.229082E-03
        0.450000             425.000            0.289117E-03
        0.450000             475.000            0.249743E-03
        0.450000             525.000            0.210958E-03
        0.450000             575.000            0.169155E-03
        0.450000             625.000            0.124927E-03
        0.450000             675.000            0.105670E-03
        0.450000             725.000            0.739618E-04
        0.450000             775.000            0.529423E-04
        0.450000             825.000            0.354513E-04
        0.450000             875.000            0.272011E-04
        0.450000             925.000            0.197016E-04
        0.450000             975.000            0.139244E-04
 
        0.550000             25.0000             0.00000    
        0.550000             75.0000             0.00000    
        0.550000             125.000             0.00000    
        0.550000             175.000            0.449865E-02
        0.550000             225.000            0.604464E-04
        0.550000             275.000            0.180057E-03
        0.550000             325.000            0.167933E-03
        0.550000             375.000            0.196003E-03
        0.550000             425.000            0.263686E-03
        0.550000             475.000            0.288281E-03
        0.550000             525.000            0.206066E-03
        0.550000             575.000            0.171608E-03
        0.550000             625.000            0.125410E-03
        0.550000             675.000            0.105378E-03
        0.550000             725.000            0.824934E-04
        0.550000             775.000            0.436903E-04
        0.550000             825.000            0.279888E-04
        0.550000             875.000            0.255247E-04
        0.550000             925.000            0.302972E-04
        0.550000             975.000            0.177653E-04
 
        0.650000             25.0000             0.00000    
        0.650000             75.0000             0.00000    
        0.650000             125.000             0.00000    
        0.650000             175.000            0.415641E-02
        0.650000             225.000            0.515323E-04
        0.650000             275.000            0.158160E-03
        0.650000             325.000            0.164767E-03
        0.650000             375.000            0.200791E-03
        0.650000             425.000            0.260737E-03
        0.650000             475.000            0.256168E-03
        0.650000             525.000            0.205369E-03
        0.650000             575.000            0.159413E-03
        0.650000             625.000            0.122831E-03
        0.650000             675.000            0.998202E-04
        0.650000             725.000            0.608950E-04
        0.650000             775.000            0.395677E-04
        0.650000             825.000            0.317614E-04
        0.650000             875.000            0.281110E-04
        0.650000             925.000            0.270184E-04
        0.650000             975.000            0.166674E-04
 
        0.750000             25.0000             0.00000    
        0.750000             75.0000             0.00000    
        0.750000             125.000             0.00000    
        0.750000             175.000            0.392906E-02
        0.750000             225.000            0.488902E-04
        0.750000             275.000            0.154170E-03
        0.750000             325.000            0.141779E-03
        0.750000             375.000            0.175488E-03
        0.750000             425.000            0.225743E-03
        0.750000             475.000            0.243165E-03
        0.750000             525.000            0.184181E-03
        0.750000             575.000            0.129605E-03
        0.750000             625.000            0.117834E-03
        0.750000             675.000            0.803503E-04
        0.750000             725.000            0.682599E-04
        0.750000             775.000            0.441255E-04
        0.750000             825.000            0.303836E-04
        0.750000             875.000            0.320937E-04
        0.750000             925.000            0.246329E-04
        0.750000             975.000            0.162502E-04
 
        0.850000             25.0000             0.00000    
        0.850000             75.0000             0.00000    
        0.850000             125.000             0.00000    
        0.850000             175.000            0.362891E-02
        0.850000             225.000            0.590496E-04
        0.850000             275.000            0.161621E-03
        0.850000             325.000            0.151270E-03
        0.850000             375.000            0.155780E-03
        0.850000             425.000            0.197939E-03
        0.850000             475.000            0.196362E-03
        0.850000             525.000            0.150275E-03
        0.850000             575.000            0.124264E-03
        0.850000             625.000            0.106477E-03
        0.850000             675.000            0.711432E-04
        0.850000             725.000            0.611891E-04
        0.850000             775.000            0.385874E-04
        0.850000             825.000            0.294460E-04
        0.850000             875.000            0.249967E-04
        0.850000             925.000            0.219107E-04
        0.850000             975.000            0.155446E-04
 
        0.950000             25.0000             0.00000    
        0.950000             75.0000             0.00000    
        0.950000             125.000             0.00000    
        0.950000             175.000            0.341498E-02
        0.950000             225.000            0.585918E-04
        0.950000             275.000            0.126724E-03
        0.950000             325.000            0.131874E-03
        0.950000             375.000            0.148681E-03
        0.950000             425.000            0.206659E-03
        0.950000             475.000            0.175061E-03
        0.950000             525.000            0.124734E-03
        0.950000             575.000            0.102979E-03
        0.950000             625.000            0.815280E-04
        0.950000             675.000            0.549685E-04
        0.950000             725.000            0.450295E-04
        0.950000             775.000            0.343756E-04
        0.950000             825.000            0.296556E-04
        0.950000             875.000            0.193509E-04
        0.950000             925.000            0.181266E-04
        0.950000             975.000            0.138373E-04
 
e
