set output "bsm.1.ps"
set terminal postscript color
set style data histeps
set key off

 #          39 : dS/deta_l (fb)
set title "dS/deta_l (fb)"
plot "-" 
        -4.90000            0.100000E-19
        -4.70000            0.100000E-19
        -4.50000            0.100000E-19
        -4.30000            0.100000E-19
        -4.10000            0.100000E-19
        -3.90000            0.100000E-19
        -3.70000            0.100000E-19
        -3.50000            0.100000E-19
        -3.30000            0.100000E-19
        -3.10000            0.100000E-19
        -2.90000            0.100000E-19
        -2.70000            0.100000E-19
        -2.50000            0.796510E-02
        -2.30000            0.275306E-01
        -2.10000            0.323440E-01
        -1.90000            0.387010E-01
        -1.70000            0.420429E-01
        -1.50000            0.548485E-01
        -1.30000            0.667696E-01
        -1.10000            0.723805E-01
       -0.900000            0.854518E-01
       -0.700000            0.898167E-01
       -0.500000            0.939551E-01
       -0.300000            0.100463    
       -0.100000            0.983569E-01
        0.100000            0.963032E-01
        0.300000            0.937106E-01
        0.500000            0.963456E-01
        0.700000            0.869070E-01
        0.900000            0.850101E-01
         1.10000            0.719232E-01
         1.30000            0.649273E-01
         1.50000            0.527575E-01
         1.70000            0.472046E-01
         1.90000            0.392660E-01
         2.10000            0.303598E-01
         2.30000            0.231332E-01
         2.50000            0.721026E-02
         2.70000            0.100000E-19
         2.90000            0.100000E-19
         3.10000            0.100000E-19
         3.30000            0.100000E-19
         3.50000            0.100000E-19
         3.70000            0.100000E-19
         3.90000            0.100000E-19
         4.10000            0.100000E-19
         4.30000            0.100000E-19
         4.50000            0.100000E-19
         4.70000            0.100000E-19
         4.90000            0.100000E-19
e

 #          40 : dS/dR_l1l2 (fb)
set title "dS/dR_l1l2 (fb)"
plot "-" 
        0.600000E-01        0.100000E-19
        0.180000            0.100000E-19
        0.300000            0.100000E-19
        0.420000            0.184378E-01
        0.540000            0.497458E-01
        0.660000            0.723203E-01
        0.780000            0.841902E-01
        0.900000            0.100727    
         1.02000            0.101306    
         1.14000            0.935173E-01
         1.26000            0.902034E-01
         1.38000            0.862922E-01
         1.50000            0.781124E-01
         1.62000            0.766224E-01
         1.74000            0.709394E-01
         1.86000            0.741229E-01
         1.98000            0.775248E-01
         2.10000            0.792991E-01
         2.22000            0.753957E-01
         2.34000            0.867440E-01
         2.46000            0.934663E-01
         2.58000            0.107411    
         2.70000            0.139057    
         2.82000            0.162805    
         2.94000            0.194439    
         3.06000            0.227185    
         3.18000            0.173203    
         3.30000            0.893873E-01
         3.42000            0.571009E-01
         3.54000            0.391541E-01
         3.66000            0.257772E-01
         3.78000            0.175794E-01
         3.90000            0.121184E-01
         4.02000            0.912218E-02
         4.14000            0.429069E-02
         4.26000            0.367328E-02
         4.38000            0.195594E-02
         4.50000            0.131542E-02
         4.62000            0.577998E-03
         4.74000            0.823339E-03
         4.86000            0.431831E-04
         4.98000            0.154357E-03
         5.10000            0.100000E-19
         5.22000            0.100000E-19
         5.34000            0.100000E-19
         5.46000            0.100000E-19
         5.58000            0.100000E-19
         5.70000            0.100000E-19
         5.82000            0.100000E-19
         5.94000            0.100000E-19
e

 #          41 : dS/dR_l1l3 (fb)
set title "dS/dR_l1l3 (fb)"
plot "-" 
        0.600000E-01        0.100000E-19
        0.180000            0.100000E-19
        0.300000            0.100000E-19
        0.420000            0.235230E-01
        0.540000            0.424944E-01
        0.660000            0.481390E-01
        0.780000            0.565842E-01
        0.900000            0.612035E-01
         1.02000            0.670918E-01
         1.14000            0.723441E-01
         1.26000            0.747661E-01
         1.38000            0.808052E-01
         1.50000            0.799141E-01
         1.62000            0.844638E-01
         1.74000            0.918861E-01
         1.86000            0.928588E-01
         1.98000            0.105085    
         2.10000            0.106848    
         2.22000            0.113041    
         2.34000            0.128305    
         2.46000            0.133080    
         2.58000            0.152707    
         2.70000            0.160311    
         2.82000            0.169779    
         2.94000            0.191508    
         3.06000            0.187893    
         3.18000            0.143241    
         3.30000            0.678307E-01
         3.42000            0.447247E-01
         3.54000            0.290458E-01
         3.66000            0.216272E-01
         3.78000            0.147040E-01
         3.90000            0.994239E-02
         4.02000            0.562483E-02
         4.14000            0.396731E-02
         4.26000            0.336164E-02
         4.38000            0.279463E-02
         4.50000            0.108778E-02
         4.62000            0.101755E-02
         4.74000            0.354874E-03
         4.86000            0.477959E-03
         4.98000            0.610447E-03
         5.10000            0.546935E-03
         5.22000            0.264821E-03
         5.34000            0.206736E-03
         5.46000            0.743868E-04
         5.58000            0.170972E-05
         5.70000            0.100000E-19
         5.82000            0.100000E-19
         5.94000            0.100000E-19
e

 #          42 : dS/dR_l1l4 (fb)
set title "dS/dR_l1l4 (fb)"
plot "-" 
        0.600000E-01        0.100000E-19
        0.180000            0.100000E-19
        0.300000            0.100000E-19
        0.420000            0.259663E-01
        0.540000            0.452828E-01
        0.660000            0.480036E-01
        0.780000            0.602490E-01
        0.900000            0.620655E-01
         1.02000            0.688871E-01
         1.14000            0.745170E-01
         1.26000            0.788125E-01
         1.38000            0.860507E-01
         1.50000            0.874869E-01
         1.62000            0.875740E-01
         1.74000            0.965576E-01
         1.86000            0.967368E-01
         1.98000            0.102946    
         2.10000            0.102011    
         2.22000            0.114099    
         2.34000            0.121902    
         2.46000            0.128840    
         2.58000            0.143089    
         2.70000            0.157060    
         2.82000            0.170639    
         2.94000            0.180205    
         3.06000            0.192384    
         3.18000            0.139948    
         3.30000            0.708407E-01
         3.42000            0.434383E-01
         3.54000            0.307029E-01
         3.66000            0.183872E-01
         3.78000            0.107651E-01
         3.90000            0.995582E-02
         4.02000            0.718062E-02
         4.14000            0.410439E-02
         4.26000            0.289116E-02
         4.38000            0.207811E-02
         4.50000            0.766115E-03
         4.62000            0.979069E-03
         4.74000            0.125680E-02
         4.86000            0.544559E-03
         4.98000            0.648805E-03
         5.10000            0.516665E-04
         5.22000            0.236267E-03
         5.34000            0.977898E-06
         5.46000            0.100000E-19
         5.58000            0.100000E-19
         5.70000            0.100000E-19
         5.82000            0.100000E-19
         5.94000            0.100000E-19
e

 #          43 : dS/dR_l2l3 (fb)
set title "dS/dR_l2l3 (fb)"
plot "-" 
        0.600000E-01        0.100000E-19
        0.180000            0.100000E-19
        0.300000            0.100000E-19
        0.420000            0.271387E-01
        0.540000            0.419963E-01
        0.660000            0.476577E-01
        0.780000            0.569784E-01
        0.900000            0.643957E-01
         1.02000            0.742448E-01
         1.14000            0.811500E-01
         1.26000            0.790119E-01
         1.38000            0.835669E-01
         1.50000            0.836435E-01
         1.62000            0.912652E-01
         1.74000            0.963353E-01
         1.86000            0.964930E-01
         1.98000            0.949988E-01
         2.10000            0.103098    
         2.22000            0.111557    
         2.34000            0.118607    
         2.46000            0.131970    
         2.58000            0.143297    
         2.70000            0.154422    
         2.82000            0.170884    
         2.94000            0.186350    
         3.06000            0.186763    
         3.18000            0.134599    
         3.30000            0.752085E-01
         3.42000            0.458203E-01
         3.54000            0.291038E-01
         3.66000            0.218919E-01
         3.78000            0.142205E-01
         3.90000            0.104933E-01
         4.02000            0.569764E-02
         4.14000            0.505863E-02
         4.26000            0.289787E-02
         4.38000            0.168398E-02
         4.50000            0.155066E-02
         4.62000            0.111104E-02
         4.74000            0.410889E-03
         4.86000            0.273981E-03
         4.98000            0.846686E-04
         5.10000            0.115439E-03
         5.22000            0.328732E-04
         5.34000            0.741073E-05
         5.46000            0.100000E-19
         5.58000            0.100000E-19
         5.70000            0.539507E-04
         5.82000            0.100000E-19
         5.94000            0.100000E-19
e

 #          44 : dS/dR_l2l4 (fb)
set title "dS/dR_l2l4 (fb)"
plot "-" 
        0.600000E-01        0.100000E-19
        0.180000            0.100000E-19
        0.300000            0.100000E-19
        0.420000            0.224898E-01
        0.540000            0.394861E-01
        0.660000            0.475948E-01
        0.780000            0.563186E-01
        0.900000            0.617053E-01
         1.02000            0.702500E-01
         1.14000            0.699689E-01
         1.26000            0.724342E-01
         1.38000            0.796261E-01
         1.50000            0.847146E-01
         1.62000            0.909978E-01
         1.74000            0.950000E-01
         1.86000            0.975743E-01
         1.98000            0.101912    
         2.10000            0.103259    
         2.22000            0.107868    
         2.34000            0.119119    
         2.46000            0.131911    
         2.58000            0.153295    
         2.70000            0.159460    
         2.82000            0.167805    
         2.94000            0.196129    
         3.06000            0.190364    
         3.18000            0.141299    
         3.30000            0.743727E-01
         3.42000            0.493449E-01
         3.54000            0.276676E-01
         3.66000            0.195417E-01
         3.78000            0.135505E-01
         3.90000            0.786097E-02
         4.02000            0.754829E-02
         4.14000            0.517647E-02
         4.26000            0.260607E-02
         4.38000            0.275577E-02
         4.50000            0.111455E-02
         4.62000            0.149116E-02
         4.74000            0.848953E-03
         4.86000            0.296818E-03
         4.98000            0.441317E-03
         5.10000            0.123400E-03
         5.22000            0.485406E-03
         5.34000            0.282836E-03
         5.46000            0.319803E-04
         5.58000            0.100000E-19
         5.70000            0.172819E-04
         5.82000            0.100000E-19
         5.94000            0.100000E-19
e

 #          45 : dS/dR_l3l4 (fb)
set title "dS/dR_l3l4 (fb)"
plot "-" 
        0.600000E-01        0.100000E-19
        0.180000            0.100000E-19
        0.300000            0.100000E-19
        0.420000            0.189293E-01
        0.540000            0.487447E-01
        0.660000            0.735616E-01
        0.780000            0.861705E-01
        0.900000            0.923440E-01
         1.02000            0.967887E-01
         1.14000            0.967967E-01
         1.26000            0.907587E-01
         1.38000            0.826614E-01
         1.50000            0.817886E-01
         1.62000            0.734235E-01
         1.74000            0.734953E-01
         1.86000            0.762759E-01
         1.98000            0.655172E-01
         2.10000            0.772270E-01
         2.22000            0.791721E-01
         2.34000            0.890510E-01
         2.46000            0.873281E-01
         2.58000            0.116222    
         2.70000            0.144604    
         2.82000            0.169474    
         2.94000            0.191786    
         3.06000            0.217271    
         3.18000            0.168839    
         3.30000            0.904632E-01
         3.42000            0.584726E-01
         3.54000            0.393415E-01
         3.66000            0.284632E-01
         3.78000            0.215226E-01
         3.90000            0.133270E-01
         4.02000            0.104504E-01
         4.14000            0.615426E-02
         4.26000            0.267566E-02
         4.38000            0.274535E-02
         4.50000            0.175329E-02
         4.62000            0.138702E-02
         4.74000            0.711777E-03
         4.86000            0.359388E-03
         4.98000            0.845054E-04
         5.10000            0.100000E-19
         5.22000            0.100000E-19
         5.34000            0.100000E-19
         5.46000            0.100000E-19
         5.58000            0.100000E-19
         5.70000            0.100000E-19
         5.82000            0.100000E-19
         5.94000            0.100000E-19
e

 #          46 : dS/r1
set title "dS/r1"
plot "-" 
        0.250000E-01        0.451857    
        0.750000E-01        0.418788    
        0.125000            0.446059    
        0.175000            0.432393    
        0.225000            0.446331    
        0.275000            0.438656    
        0.325000            0.446935    
        0.375000            0.466099    
        0.425000            0.441483    
        0.475000            0.449939    
        0.525000             1.98368    
        0.575000            0.520244E-03
        0.625000            0.256655E-06
        0.675000            0.100000E-19
        0.725000            0.100000E-19
        0.775000            0.100000E-19
        0.825000            0.100000E-19
        0.875000            0.100000E-19
        0.925000            0.100000E-19
        0.975000            0.100000E-19
e

 #          47 : dS/r2
set title "dS/r2"
plot "-" 
        0.250000E-01         3.16389    
        0.750000E-01        0.281013    
        0.125000            0.233452    
        0.175000            0.210542    
        0.225000            0.179730    
        0.275000            0.179246    
        0.325000            0.174968    
        0.375000            0.170590    
        0.425000            0.172654    
        0.475000            0.183302    
        0.525000            0.175041    
        0.575000            0.165373    
        0.625000            0.165283    
        0.675000            0.159017    
        0.725000            0.172329    
        0.775000            0.163003    
        0.825000            0.141370    
        0.875000            0.134081    
        0.925000            0.108596    
        0.975000            0.892600E-01
e

 #          48 : dS/r3
set title "dS/r3"
plot "-" 
        0.250000E-01         3.14279    
        0.750000E-01        0.300788    
        0.125000            0.236333    
        0.175000            0.208661    
        0.225000            0.192166    
        0.275000            0.191219    
        0.325000            0.173406    
        0.375000            0.184243    
        0.425000            0.174112    
        0.475000            0.174697    
        0.525000            0.166704    
        0.575000            0.155772    
        0.625000            0.155944    
        0.675000            0.160368    
        0.725000            0.162178    
        0.775000            0.156534    
        0.825000            0.138250    
        0.875000            0.142594    
        0.925000            0.122546    
        0.975000            0.834279E-01
e

 #          49 : dS/r4
set title "dS/r4"
plot "-" 
        0.250000E-01        0.100000E-19
        0.750000E-01        0.102463E-05
        0.125000            0.524588E-04
        0.175000            0.200030E-02
        0.225000            0.284904E-01
        0.275000            0.128607    
        0.325000            0.420612    
        0.375000            0.723316    
        0.425000            0.923214    
        0.475000            0.983357    
        0.525000             1.00230    
        0.575000            0.914428    
        0.625000            0.731838    
        0.675000            0.415026    
        0.725000            0.133205    
        0.775000            0.146473E-01
        0.825000            0.145653E-02
        0.875000            0.183907E-03
        0.925000            0.100000E-19
        0.975000            0.100000E-19
e

 #          91 : dS/dpTl1 (fb)
set title "dS/dpTl1 (fb)"
plot "-" 
         5.00000            0.100000E-19
         15.0000            0.993714E-02
         25.0000            0.469023E-02
         35.0000            0.503912E-02
         45.0000            0.468488E-02
         55.0000            0.148865E-02
         65.0000            0.809715E-03
         75.0000            0.736138E-03
         85.0000            0.650850E-03
         95.0000            0.624337E-03
         105.000            0.536283E-03
         115.000            0.427224E-03
         125.000            0.428335E-03
         135.000            0.303090E-03
         145.000            0.306321E-03
         155.000            0.247284E-03
         165.000            0.200311E-03
         175.000            0.176303E-03
         185.000            0.149665E-03
         195.000            0.115679E-03
         205.000            0.941829E-04
         215.000            0.843329E-04
         225.000            0.736626E-04
         235.000            0.501502E-04
         245.000            0.438750E-04
         255.000            0.321141E-04
         265.000            0.335716E-04
         275.000            0.235001E-04
         285.000            0.292574E-04
         295.000            0.192618E-04
         305.000            0.167584E-04
         315.000            0.942621E-05
         325.000            0.107281E-04
         335.000            0.746229E-05
         345.000            0.754636E-05
         355.000            0.477366E-05
         365.000            0.293759E-05
         375.000            0.544753E-05
         385.000            0.275148E-05
         395.000            0.185929E-05
         405.000            0.107217E-05
         415.000            0.113901E-05
         425.000            0.124671E-05
         435.000            0.622175E-06
         445.000            0.444918E-06
         455.000            0.164101E-05
         465.000            0.195861E-06
         475.000            0.128682E-05
         485.000            0.489683E-07
         495.000            0.118849E-07
e

 #          92 : dS/dpTl2 (fb)
set title "dS/dpTl2 (fb)"
plot "-" 
         5.00000            0.100000E-19
         15.0000            0.989562E-02
         25.0000            0.478758E-02
         35.0000            0.501067E-02
         45.0000            0.457322E-02
         55.0000            0.159707E-02
         65.0000            0.786610E-03
         75.0000            0.677062E-03
         85.0000            0.737617E-03
         95.0000            0.614680E-03
         105.000            0.517593E-03
         115.000            0.444151E-03
         125.000            0.380526E-03
         135.000            0.316200E-03
         145.000            0.276557E-03
         155.000            0.277775E-03
         165.000            0.221465E-03
         175.000            0.190394E-03
         185.000            0.131456E-03
         195.000            0.125292E-03
         205.000            0.985503E-04
         215.000            0.752484E-04
         225.000            0.710744E-04
         235.000            0.626681E-04
         245.000            0.398374E-04
         255.000            0.353006E-04
         265.000            0.261687E-04
         275.000            0.284047E-04
         285.000            0.210038E-04
         295.000            0.128085E-04
         305.000            0.151412E-04
         315.000            0.111389E-04
         325.000            0.100908E-04
         335.000            0.874576E-05
         345.000            0.647976E-05
         355.000            0.588914E-05
         365.000            0.274893E-05
         375.000            0.260683E-05
         385.000            0.281318E-05
         395.000            0.141208E-05
         405.000            0.597928E-05
         415.000            0.926639E-06
         425.000            0.111091E-05
         435.000            0.240291E-05
         445.000            0.215068E-06
         455.000            0.485568E-06
         465.000            0.177766E-05
         475.000            0.697359E-07
         485.000            0.540980E-06
         495.000            0.200952E-07
e

 #          93 : dS/dpTl3 (fb)
set title "dS/dpTl3 (fb)"
plot "-" 
         5.00000            0.100000E-19
         15.0000            0.994355E-02
         25.0000            0.476893E-02
         35.0000            0.505716E-02
         45.0000            0.461444E-02
         55.0000            0.152204E-02
         65.0000            0.799067E-03
         75.0000            0.716487E-03
         85.0000            0.701908E-03
         95.0000            0.562024E-03
         105.000            0.504052E-03
         115.000            0.435677E-03
         125.000            0.400181E-03
         135.000            0.325365E-03
         145.000            0.290859E-03
         155.000            0.255281E-03
         165.000            0.219083E-03
         175.000            0.172487E-03
         185.000            0.130007E-03
         195.000            0.133845E-03
         205.000            0.100691E-03
         215.000            0.814678E-04
         225.000            0.608297E-04
         235.000            0.496739E-04
         245.000            0.503339E-04
         255.000            0.428987E-04
         265.000            0.343070E-04
         275.000            0.222716E-04
         285.000            0.179829E-04
         295.000            0.174793E-04
         305.000            0.182156E-04
         315.000            0.126817E-04
         325.000            0.108564E-04
         335.000            0.738341E-05
         345.000            0.102819E-04
         355.000            0.556497E-05
         365.000            0.460639E-05
         375.000            0.478146E-05
         385.000            0.172401E-05
         395.000            0.145038E-05
         405.000            0.777496E-06
         415.000            0.725444E-06
         425.000            0.613508E-06
         435.000            0.338272E-06
         445.000            0.199201E-06
         455.000            0.174166E-05
         465.000            0.153854E-06
         475.000            0.597146E-06
         485.000            0.590036E-07
         495.000            0.311256E-06
e

 #          94 : dS/dpTl4 (fb)
set title "dS/dpTl4 (fb)"
plot "-" 
         5.00000            0.100000E-19
         15.0000            0.986186E-02
         25.0000            0.475877E-02
         35.0000            0.509346E-02
         45.0000            0.458998E-02
         55.0000            0.146444E-02
         65.0000            0.823171E-03
         75.0000            0.737872E-03
         85.0000            0.677933E-03
         95.0000            0.597790E-03
         105.000            0.478311E-03
         115.000            0.467136E-03
         125.000            0.420483E-03
         135.000            0.372125E-03
         145.000            0.336632E-03
         155.000            0.224386E-03
         165.000            0.222312E-03
         175.000            0.163517E-03
         185.000            0.145264E-03
         195.000            0.125841E-03
         205.000            0.943974E-04
         215.000            0.720913E-04
         225.000            0.711179E-04
         235.000            0.572280E-04
         245.000            0.461180E-04
         255.000            0.303382E-04
         265.000            0.305941E-04
         275.000            0.309255E-04
         285.000            0.218761E-04
         295.000            0.199036E-04
         305.000            0.121048E-04
         315.000            0.147597E-04
         325.000            0.843369E-05
         335.000            0.833384E-05
         345.000            0.439059E-05
         355.000            0.740013E-05
         365.000            0.404317E-05
         375.000            0.239699E-05
         385.000            0.461319E-05
         395.000            0.118798E-05
         405.000            0.141572E-05
         415.000            0.189379E-05
         425.000            0.650865E-06
         435.000            0.272144E-05
         445.000            0.104154E-05
         455.000            0.454524E-07
         465.000            0.542280E-07
         475.000            0.284955E-07
         485.000            0.471097E-08
         495.000            0.205488E-06
e

 #          95 : dS/costh1 (fb)
set title "dS/costh1 (fb)"
plot "-" 
        0.500000E-01        0.499402    
        0.150000            0.468739    
        0.250000            0.452235    
        0.350000            0.390263    
        0.450000            0.349079    
        0.550000            0.313437    
        0.650000            0.264382    
        0.750000            0.202935    
        0.850000            0.160286    
        0.950000            0.110610    
e

 #          96 : dS/costh2 (fb)
set title "dS/costh2 (fb)"
plot "-" 
        0.500000E-01        0.475667    
        0.150000            0.474875    
        0.250000            0.434448    
        0.350000            0.406755    
        0.450000            0.371573    
        0.550000            0.307499    
        0.650000            0.255467    
        0.750000            0.206120    
        0.850000            0.160080    
        0.950000            0.118885    
e

 #          97 : dS/costhstar (fb)
set title "dS/costhstar (fb)"
plot "-" 
        0.500000E-01        0.374822    
        0.150000            0.364973    
        0.250000            0.361613    
        0.350000            0.352812    
        0.450000            0.337062    
        0.550000            0.327385    
        0.650000            0.292100    
        0.750000            0.281972    
        0.850000            0.259321    
        0.950000            0.259308    
e

 #          98 : dS/cosphitilde (fb)
set title "dS/cosphitilde (fb)"
plot "-" 
        0.500000E-01        0.300188    
        0.150000            0.293932    
        0.250000            0.283069    
        0.350000            0.279880    
        0.450000            0.285365    
        0.550000            0.295454    
        0.650000            0.284425    
        0.750000            0.281583    
        0.850000            0.308696    
        0.950000            0.598778    
e

 #          99 : dS/cosphi (fb)
set title "dS/cosphi (fb)"
plot "-" 
        0.500000E-01        0.370064    
        0.150000            0.343492    
        0.250000            0.347914    
        0.350000            0.341092    
        0.450000            0.342900    
        0.550000            0.336100    
        0.650000            0.321864    
        0.750000            0.295485    
        0.850000            0.275940    
        0.950000            0.236518    
e

 #         100 : dS/costhstar2 (fb)
set title "dS/costhstar2 (fb)"
plot "-" 
        0.500000E-01        0.317946    
        0.150000            0.316887    
        0.250000            0.303316    
        0.350000            0.312385    
        0.450000            0.319951    
        0.550000            0.321731    
        0.650000            0.358401    
        0.750000            0.392949    
        0.850000            0.480636    
        0.950000            0.994992    
e

 #         105 : dS/dmZZ (fb/GeV)
set title "dS/dmZZ (fb/GeV)"
plot "-" 
         10.0000            0.100000E-19
         30.0000            0.100000E-19
         50.0000            0.100000E-19
         70.0000            0.100000E-19
         90.0000            0.100000E-19
         110.000            0.100000E-19
         130.000            0.111230E-01
         150.000            0.607167E-05
         170.000            0.144654E-04
         190.000            0.116506E-03
         210.000            0.198900E-03
         230.000            0.179427E-03
         250.000            0.191631E-03
         270.000            0.184854E-03
         290.000            0.179974E-03
         310.000            0.187204E-03
         330.000            0.222165E-03
         350.000            0.257611E-03
         370.000            0.277545E-03
         390.000            0.271862E-03
         410.000            0.282823E-03
         430.000            0.249498E-03
         450.000            0.221392E-03
         470.000            0.184301E-03
         490.000            0.182402E-03
         510.000            0.179234E-03
         530.000            0.148630E-03
         550.000            0.132343E-03
         570.000            0.118036E-03
         590.000            0.116864E-03
         610.000            0.102267E-03
         630.000            0.926613E-04
         650.000            0.720485E-04
         670.000            0.677592E-04
         690.000            0.528897E-04
         710.000            0.620132E-04
         730.000            0.452591E-04
         750.000            0.389152E-04
         770.000            0.324217E-04
         790.000            0.316515E-04
         810.000            0.261012E-04
         830.000            0.245950E-04
         850.000            0.257289E-04
         870.000            0.213990E-04
         890.000            0.188630E-04
         910.000            0.174115E-04
         930.000            0.130935E-04
         950.000            0.122247E-04
         970.000            0.111995E-04
         990.000            0.621677E-05
e

 #         106 : dS/dmTZLm (fb/GeV)
set title "dS/dmTZLm (fb/GeV)"
plot "-" 
         10.0000            0.100123E-02
         30.0000            0.383671E-02
         50.0000            0.133358E-02
         70.0000            0.131571E-02
         90.0000            0.838809E-02
         110.000            0.142317E-03
         130.000            0.236231E-04
         150.000            0.693436E-05
         170.000            0.209139E-05
         190.000            0.229515E-05
         210.000            0.624194E-06
         230.000            0.185136E-05
         250.000            0.113861E-05
         270.000            0.292497E-06
         290.000            0.323245E-07
         310.000            0.196087E-06
         330.000            0.100000E-19
         350.000            0.100000E-19
         370.000            0.100000E-19
         390.000            0.100000E-19
         410.000            0.926807E-07
         430.000            0.275308E-07
         450.000            0.100000E-19
         470.000            0.100000E-19
         490.000            0.100000E-19
         510.000            0.100000E-19
         530.000            0.100000E-19
         550.000            0.100000E-19
         570.000            0.100000E-19
         590.000            0.100000E-19
         610.000            0.100000E-19
         630.000            0.100000E-19
         650.000            0.100000E-19
         670.000            0.100000E-19
         690.000            0.100000E-19
         710.000            0.100000E-19
         730.000            0.100000E-19
         750.000            0.100000E-19
         770.000            0.100000E-19
         790.000            0.100000E-19
         810.000            0.100000E-19
         830.000            0.100000E-19
         850.000            0.100000E-19
         870.000            0.100000E-19
         890.000            0.100000E-19
         910.000            0.100000E-19
         930.000            0.105572E-09
         950.000            0.100000E-19
         970.000            0.100000E-19
         990.000            0.100000E-19
e

 #         107 : dS/dmlll (fb/GeV)
set title "dS/dmlll (fb/GeV)"
plot "-" 
         10.0000            0.992998E-03
         30.0000            0.371729E-02
         50.0000            0.141951E-02
         70.0000            0.127497E-02
         90.0000            0.847238E-02
         110.000            0.138165E-03
         130.000            0.245119E-04
         150.000            0.646978E-05
         170.000            0.383487E-05
         190.000            0.223588E-05
         210.000            0.755775E-06
         230.000            0.608862E-06
         250.000            0.227123E-06
         270.000            0.113572E-05
         290.000            0.398473E-06
         310.000            0.637975E-07
         330.000            0.148296E-06
         350.000            0.637369E-06
         370.000            0.344002E-06
         390.000            0.169371E-06
         410.000            0.100000E-19
         430.000            0.100000E-19
         450.000            0.100000E-19
         470.000            0.100000E-19
         490.000            0.100000E-19
         510.000            0.100000E-19
         530.000            0.100000E-19
         550.000            0.100000E-19
         570.000            0.100000E-19
         590.000            0.100000E-19
         610.000            0.100000E-19
         630.000            0.100000E-19
         650.000            0.100000E-19
         670.000            0.100000E-19
         690.000            0.100000E-19
         710.000            0.100000E-19
         730.000            0.100000E-19
         750.000            0.100000E-19
         770.000            0.100000E-19
         790.000            0.100000E-19
         810.000            0.100000E-19
         830.000            0.100000E-19
         850.000            0.287019E-10
         870.000            0.100000E-19
         890.000            0.100000E-19
         910.000            0.100000E-19
         930.000            0.100000E-19
         950.000            0.100000E-19
         970.000            0.100000E-19
         990.000            0.100000E-19
e

 #          10 : d2S/dcthetastar mzz
set view map
set size 3.9/5.0,3.4/3.0
unset surface
set style data pm3d
set style function pm3d
set pm3d implicit at b
set title "d2S/dcthetastar mzz"
set xlabel "cthetas"
set ylabel "mzz"
set palette rgbformulae 30,31,32 negative
splot "-" 
        0.500000E-01         25.0000             0.00000    
        0.500000E-01         75.0000             0.00000    
        0.500000E-01         125.000             0.00000    
        0.500000E-01         175.000            0.630098E-03
        0.500000E-01         225.000            0.847817E-05
        0.500000E-01         275.000            0.237050E-04
        0.500000E-01         325.000            0.234441E-04
        0.500000E-01         375.000            0.298482E-04
        0.500000E-01         425.000            0.382861E-04
        0.500000E-01         475.000            0.290122E-04
        0.500000E-01         525.000            0.189055E-04
        0.500000E-01         575.000            0.223525E-04
        0.500000E-01         625.000            0.187836E-04
        0.500000E-01         675.000            0.147827E-04
        0.500000E-01         725.000            0.669395E-05
        0.500000E-01         775.000            0.475248E-05
        0.500000E-01         825.000            0.432930E-05
        0.500000E-01         875.000            0.269561E-05
        0.500000E-01         925.000            0.236447E-05
        0.500000E-01         975.000            0.109986E-05
 
        0.150000             25.0000             0.00000    
        0.150000             75.0000             0.00000    
        0.150000             125.000             0.00000    
        0.150000             175.000            0.452227E-02
        0.150000             225.000            0.549018E-04
        0.150000             275.000            0.184550E-03
        0.150000             325.000            0.187489E-03
        0.150000             375.000            0.221257E-03
        0.150000             425.000            0.309902E-03
        0.150000             475.000            0.280936E-03
        0.150000             525.000            0.207807E-03
        0.150000             575.000            0.167022E-03
        0.150000             625.000            0.125142E-03
        0.150000             675.000            0.976587E-04
        0.150000             725.000            0.534454E-04
        0.150000             775.000            0.500255E-04
        0.150000             825.000            0.326512E-04
        0.150000             875.000            0.267612E-04
        0.150000             925.000            0.162725E-04
        0.150000             975.000            0.933954E-05
 
        0.250000             25.0000             0.00000    
        0.250000             75.0000             0.00000    
        0.250000             125.000             0.00000    
        0.250000             175.000            0.502955E-02
        0.250000             225.000            0.671138E-04
        0.250000             275.000            0.205529E-03
        0.250000             325.000            0.207020E-03
        0.250000             375.000            0.274384E-03
        0.250000             425.000            0.337660E-03
        0.250000             475.000            0.304639E-03
        0.250000             525.000            0.229478E-03
        0.250000             575.000            0.173308E-03
        0.250000             625.000            0.162765E-03
        0.250000             675.000            0.113461E-03
        0.250000             725.000            0.702284E-04
        0.250000             775.000            0.678983E-04
        0.250000             825.000            0.397709E-04
        0.250000             875.000            0.300788E-04
        0.250000             925.000            0.164667E-04
        0.250000             975.000            0.137842E-04
 
        0.350000             25.0000             0.00000    
        0.350000             75.0000             0.00000    
        0.350000             125.000             0.00000    
        0.350000             175.000            0.492318E-02
        0.350000             225.000            0.592581E-04
        0.350000             275.000            0.170882E-03
        0.350000             325.000            0.244574E-03
        0.350000             375.000            0.287894E-03
        0.350000             425.000            0.351419E-03
        0.350000             475.000            0.304220E-03
        0.350000             525.000            0.216503E-03
        0.350000             575.000            0.173619E-03
        0.350000             625.000            0.128906E-03
        0.350000             675.000            0.112804E-03
        0.350000             725.000            0.743429E-04
        0.350000             775.000            0.677740E-04
        0.350000             825.000            0.392829E-04
        0.350000             875.000            0.313889E-04
        0.350000             925.000            0.214981E-04
        0.350000             975.000            0.148714E-04
 
        0.450000             25.0000             0.00000    
        0.450000             75.0000             0.00000    
        0.450000             125.000             0.00000    
        0.450000             175.000            0.480964E-02
        0.450000             225.000            0.654581E-04
        0.450000             275.000            0.185282E-03
        0.450000             325.000            0.218031E-03
        0.450000             375.000            0.235522E-03
        0.450000             425.000            0.269027E-03
        0.450000             475.000            0.270136E-03
        0.450000             525.000            0.220144E-03
        0.450000             575.000            0.198002E-03
        0.450000             625.000            0.134907E-03
        0.450000             675.000            0.105294E-03
        0.450000             725.000            0.800553E-04
        0.450000             775.000            0.602565E-04
        0.450000             825.000            0.417447E-04
        0.450000             875.000            0.275509E-04
        0.450000             925.000            0.199421E-04
        0.450000             975.000            0.165882E-04
 
        0.550000             25.0000             0.00000    
        0.550000             75.0000             0.00000    
        0.550000             125.000             0.00000    
        0.550000             175.000            0.464247E-02
        0.550000             225.000            0.652456E-04
        0.550000             275.000            0.180553E-03
        0.550000             325.000            0.191018E-03
        0.550000             375.000            0.228451E-03
        0.550000             425.000            0.300319E-03
        0.550000             475.000            0.263621E-03
        0.550000             525.000            0.222046E-03
        0.550000             575.000            0.204530E-03
        0.550000             625.000            0.124739E-03
        0.550000             675.000            0.111548E-03
        0.550000             725.000            0.875399E-04
        0.550000             775.000            0.437489E-04
        0.550000             825.000            0.297195E-04
        0.550000             875.000            0.247183E-04
        0.550000             925.000            0.323136E-04
        0.550000             975.000            0.201864E-04
 
        0.650000             25.0000             0.00000    
        0.650000             75.0000             0.00000    
        0.650000             125.000             0.00000    
        0.650000             175.000            0.438180E-02
        0.650000             225.000            0.626420E-04
        0.650000             275.000            0.203885E-03
        0.650000             325.000            0.174887E-03
        0.650000             375.000            0.217588E-03
        0.650000             425.000            0.271455E-03
        0.650000             475.000            0.296363E-03
        0.650000             525.000            0.224109E-03
        0.650000             575.000            0.160460E-03
        0.650000             625.000            0.117620E-03
        0.650000             675.000            0.105899E-03
        0.650000             725.000            0.742667E-04
        0.650000             775.000            0.456239E-04
        0.650000             825.000            0.355374E-04
        0.650000             875.000            0.328516E-04
        0.650000             925.000            0.281500E-04
        0.650000             975.000            0.187560E-04
 
        0.750000             25.0000             0.00000    
        0.750000             75.0000             0.00000    
        0.750000             125.000             0.00000    
        0.750000             175.000            0.403650E-02
        0.750000             225.000            0.613694E-04
        0.750000             275.000            0.176754E-03
        0.750000             325.000            0.155467E-03
        0.750000             375.000            0.187407E-03
        0.750000             425.000            0.241871E-03
        0.750000             475.000            0.233678E-03
        0.750000             525.000            0.192488E-03
        0.750000             575.000            0.153006E-03
        0.750000             625.000            0.136739E-03
        0.750000             675.000            0.911454E-04
        0.750000             725.000            0.608554E-04
        0.750000             775.000            0.483094E-04
        0.750000             825.000            0.307248E-04
        0.750000             875.000            0.325170E-04
        0.750000             925.000            0.239572E-04
        0.750000             975.000            0.161078E-04
 
        0.850000             25.0000             0.00000    
        0.850000             75.0000             0.00000    
        0.850000             125.000             0.00000    
        0.850000             175.000            0.382334E-02
        0.850000             225.000            0.705813E-04
        0.850000             275.000            0.182125E-03
        0.850000             325.000            0.164713E-03
        0.850000             375.000            0.168922E-03
        0.850000             425.000            0.232515E-03
        0.850000             475.000            0.201866E-03
        0.850000             525.000            0.145541E-03
        0.850000             575.000            0.131727E-03
        0.850000             625.000            0.111648E-03
        0.850000             675.000            0.781002E-04
        0.850000             725.000            0.630994E-04
        0.850000             775.000            0.390982E-04
        0.850000             825.000            0.322349E-04
        0.850000             875.000            0.261747E-04
        0.850000             925.000            0.231294E-04
        0.850000             975.000            0.171636E-04
 
        0.950000             25.0000             0.00000    
        0.950000             75.0000             0.00000    
        0.950000             125.000             0.00000    
        0.950000             175.000            0.368514E-02
        0.950000             225.000            0.575188E-04
        0.950000             275.000            0.151221E-03
        0.950000             325.000            0.150495E-03
        0.950000             375.000            0.152969E-03
        0.950000             425.000            0.213762E-03
        0.950000             475.000            0.200797E-03
        0.950000             525.000            0.135714E-03
        0.950000             575.000            0.117037E-03
        0.950000             625.000            0.814052E-04
        0.950000             675.000            0.612170E-04
        0.950000             725.000            0.495711E-04
        0.950000             775.000            0.432069E-04
        0.950000             825.000            0.307578E-04
        0.950000             875.000            0.180695E-04
        0.950000             925.000            0.189143E-04
        0.950000             975.000            0.145450E-04
 
e
