set output "bsm.1.ps"
set terminal postscript color
set style data histeps
set key off

 #          39 : dS/deta_l (fb)
set title "dS/deta_l (fb)"
plot "-" 
        -4.90000            0.100000E-19
        -4.70000            0.100000E-19
        -4.50000            0.100000E-19
        -4.30000            0.100000E-19
        -4.10000            0.100000E-19
        -3.90000            0.100000E-19
        -3.70000            0.100000E-19
        -3.50000            0.100000E-19
        -3.30000            0.100000E-19
        -3.10000            0.100000E-19
        -2.90000            0.100000E-19
        -2.70000            0.100000E-19
        -2.50000            0.822525E-02
        -2.30000            0.242977E-01
        -2.10000            0.286289E-01
        -1.90000            0.344192E-01
        -1.70000            0.473386E-01
        -1.50000            0.501728E-01
        -1.30000            0.613523E-01
        -1.10000            0.662348E-01
       -0.900000            0.827466E-01
       -0.700000            0.844028E-01
       -0.500000            0.895453E-01
       -0.300000            0.979547E-01
       -0.100000            0.107977    
        0.100000            0.940375E-01
        0.300000            0.883871E-01
        0.500000            0.879825E-01
        0.700000            0.825373E-01
        0.900000            0.785741E-01
         1.10000            0.678284E-01
         1.30000            0.707258E-01
         1.50000            0.491589E-01
         1.70000            0.463371E-01
         1.90000            0.379631E-01
         2.10000            0.291979E-01
         2.30000            0.226355E-01
         2.50000            0.775245E-02
         2.70000            0.100000E-19
         2.90000            0.100000E-19
         3.10000            0.100000E-19
         3.30000            0.100000E-19
         3.50000            0.100000E-19
         3.70000            0.100000E-19
         3.90000            0.100000E-19
         4.10000            0.100000E-19
         4.30000            0.100000E-19
         4.50000            0.100000E-19
         4.70000            0.100000E-19
         4.90000            0.100000E-19
e

 #          40 : dS/dR_l1l2 (fb)
set title "dS/dR_l1l2 (fb)"
plot "-" 
        0.600000E-01        0.100000E-19
        0.180000            0.100000E-19
        0.300000            0.100000E-19
        0.420000            0.225003E-01
        0.540000            0.471646E-01
        0.660000            0.719335E-01
        0.780000            0.839000E-01
        0.900000            0.871938E-01
         1.02000            0.124537    
         1.14000            0.931447E-01
         1.26000            0.804450E-01
         1.38000            0.790165E-01
         1.50000            0.763991E-01
         1.62000            0.714602E-01
         1.74000            0.704950E-01
         1.86000            0.758118E-01
         1.98000            0.713235E-01
         2.10000            0.709192E-01
         2.22000            0.802212E-01
         2.34000            0.811218E-01
         2.46000            0.856097E-01
         2.58000            0.105094    
         2.70000            0.131311    
         2.82000            0.155450    
         2.94000            0.180095    
         3.06000            0.217138    
         3.18000            0.166067    
         3.30000            0.866166E-01
         3.42000            0.526838E-01
         3.54000            0.377757E-01
         3.66000            0.245466E-01
         3.78000            0.169472E-01
         3.90000            0.106693E-01
         4.02000            0.807388E-02
         4.14000            0.381432E-02
         4.26000            0.396506E-02
         4.38000            0.123098E-02
         4.50000            0.131256E-02
         4.62000            0.400980E-03
         4.74000            0.843149E-03
         4.86000            0.696740E-04
         4.98000            0.542896E-04
         5.10000            0.100000E-19
         5.22000            0.100000E-19
         5.34000            0.100000E-19
         5.46000            0.100000E-19
         5.58000            0.100000E-19
         5.70000            0.100000E-19
         5.82000            0.100000E-19
         5.94000            0.100000E-19
e

 #          41 : dS/dR_l1l3 (fb)
set title "dS/dR_l1l3 (fb)"
plot "-" 
        0.600000E-01        0.100000E-19
        0.180000            0.100000E-19
        0.300000            0.100000E-19
        0.420000            0.230691E-01
        0.540000            0.402995E-01
        0.660000            0.445086E-01
        0.780000            0.622425E-01
        0.900000            0.574269E-01
         1.02000            0.968644E-01
         1.14000            0.670961E-01
         1.26000            0.668106E-01
         1.38000            0.746038E-01
         1.50000            0.775803E-01
         1.62000            0.757613E-01
         1.74000            0.913048E-01
         1.86000            0.915405E-01
         1.98000            0.987576E-01
         2.10000            0.992263E-01
         2.22000            0.111989    
         2.34000            0.121583    
         2.46000            0.135587    
         2.58000            0.140020    
         2.70000            0.157326    
         2.82000            0.156059    
         2.94000            0.180232    
         3.06000            0.177293    
         3.18000            0.137410    
         3.30000            0.626888E-01
         3.42000            0.428675E-01
         3.54000            0.254839E-01
         3.66000            0.208401E-01
         3.78000            0.145644E-01
         3.90000            0.869412E-02
         4.02000            0.584972E-02
         4.14000            0.323260E-02
         4.26000            0.315952E-02
         4.38000            0.169573E-02
         4.50000            0.869259E-03
         4.62000            0.658408E-03
         4.74000            0.587340E-03
         4.86000            0.682346E-03
         4.98000            0.361643E-03
         5.10000            0.276271E-03
         5.22000            0.115581E-03
         5.34000            0.222653E-05
         5.46000            0.135331E-03
         5.58000            0.100000E-19
         5.70000            0.112102E-05
         5.82000            0.100000E-19
         5.94000            0.100000E-19
e

 #          42 : dS/dR_l1l4 (fb)
set title "dS/dR_l1l4 (fb)"
plot "-" 
        0.600000E-01        0.100000E-19
        0.180000            0.100000E-19
        0.300000            0.100000E-19
        0.420000            0.215040E-01
        0.540000            0.450703E-01
        0.660000            0.486421E-01
        0.780000            0.515782E-01
        0.900000            0.644015E-01
         1.02000            0.656641E-01
         1.14000            0.691191E-01
         1.26000            0.783467E-01
         1.38000            0.788166E-01
         1.50000            0.904354E-01
         1.62000            0.841470E-01
         1.74000            0.908370E-01
         1.86000            0.930125E-01
         1.98000            0.948415E-01
         2.10000            0.939956E-01
         2.22000            0.114643    
         2.34000            0.125163    
         2.46000            0.120804    
         2.58000            0.134877    
         2.70000            0.144029    
         2.82000            0.162422    
         2.94000            0.171280    
         3.06000            0.178767    
         3.18000            0.160191    
         3.30000            0.655723E-01
         3.42000            0.410790E-01
         3.54000            0.286563E-01
         3.66000            0.182972E-01
         3.78000            0.117413E-01
         3.90000            0.100892E-01
         4.02000            0.560794E-02
         4.14000            0.381442E-02
         4.26000            0.303573E-02
         4.38000            0.262214E-02
         4.50000            0.110741E-02
         4.62000            0.128625E-02
         4.74000            0.575804E-03
         4.86000            0.715034E-03
         4.98000            0.481918E-04
         5.10000            0.297742E-03
         5.22000            0.222222E-03
         5.34000            0.100753E-05
         5.46000            0.148974E-07
         5.58000            0.100000E-19
         5.70000            0.100000E-19
         5.82000            0.100000E-19
         5.94000            0.100000E-19
e

 #          43 : dS/dR_l2l3 (fb)
set title "dS/dR_l2l3 (fb)"
plot "-" 
        0.600000E-01        0.100000E-19
        0.180000            0.100000E-19
        0.300000            0.100000E-19
        0.420000            0.227761E-01
        0.540000            0.403127E-01
        0.660000            0.455678E-01
        0.780000            0.529335E-01
        0.900000            0.636057E-01
         1.02000            0.680842E-01
         1.14000            0.722738E-01
         1.26000            0.769015E-01
         1.38000            0.774731E-01
         1.50000            0.811879E-01
         1.62000            0.907218E-01
         1.74000            0.121661    
         1.86000            0.938260E-01
         1.98000            0.908307E-01
         2.10000            0.959087E-01
         2.22000            0.105059    
         2.34000            0.121780    
         2.46000            0.123219    
         2.58000            0.134830    
         2.70000            0.147713    
         2.82000            0.162539    
         2.94000            0.183128    
         3.06000            0.175168    
         3.18000            0.127957    
         3.30000            0.704572E-01
         3.42000            0.436958E-01
         3.54000            0.280051E-01
         3.66000            0.183660E-01
         3.78000            0.141126E-01
         3.90000            0.875683E-02
         4.02000            0.570053E-02
         4.14000            0.391615E-02
         4.26000            0.358206E-02
         4.38000            0.187758E-02
         4.50000            0.121888E-02
         4.62000            0.120795E-02
         4.74000            0.462609E-03
         4.86000            0.219192E-03
         4.98000            0.106382E-03
         5.10000            0.198408E-03
         5.22000            0.116858E-04
         5.34000            0.259774E-05
         5.46000            0.609950E-08
         5.58000            0.100000E-19
         5.70000            0.100000E-19
         5.82000            0.100000E-19
         5.94000            0.100000E-19
e

 #          44 : dS/dR_l2l4 (fb)
set title "dS/dR_l2l4 (fb)"
plot "-" 
        0.600000E-01        0.100000E-19
        0.180000            0.100000E-19
        0.300000            0.100000E-19
        0.420000            0.216450E-01
        0.540000            0.375000E-01
        0.660000            0.447156E-01
        0.780000            0.537272E-01
        0.900000            0.610105E-01
         1.02000            0.647042E-01
         1.14000            0.652467E-01
         1.26000            0.711190E-01
         1.38000            0.715360E-01
         1.50000            0.795160E-01
         1.62000            0.939875E-01
         1.74000            0.882870E-01
         1.86000            0.103534    
         1.98000            0.980911E-01
         2.10000            0.134433    
         2.22000            0.107215    
         2.34000            0.111556    
         2.46000            0.123800    
         2.58000            0.148282    
         2.70000            0.144452    
         2.82000            0.153665    
         2.94000            0.184903    
         3.06000            0.179799    
         3.18000            0.131612    
         3.30000            0.724119E-01
         3.42000            0.433152E-01
         3.54000            0.244862E-01
         3.66000            0.193601E-01
         3.78000            0.125444E-01
         3.90000            0.972450E-02
         4.02000            0.732240E-02
         4.14000            0.357261E-02
         4.26000            0.273747E-02
         4.38000            0.277489E-02
         4.50000            0.148782E-02
         4.62000            0.122918E-02
         4.74000            0.235214E-03
         4.86000            0.544411E-03
         4.98000            0.514429E-03
         5.10000            0.201700E-03
         5.22000            0.144967E-03
         5.34000            0.397976E-03
         5.46000            0.150582E-04
         5.58000            0.100000E-19
         5.70000            0.609950E-08
         5.82000            0.100000E-19
         5.94000            0.100000E-19
e

 #          45 : dS/dR_l3l4 (fb)
set title "dS/dR_l3l4 (fb)"
plot "-" 
        0.600000E-01        0.100000E-19
        0.180000            0.100000E-19
        0.300000            0.100000E-19
        0.420000            0.180604E-01
        0.540000            0.477755E-01
        0.660000            0.717956E-01
        0.780000            0.812520E-01
        0.900000            0.849171E-01
         1.02000            0.927574E-01
         1.14000            0.907382E-01
         1.26000            0.859984E-01
         1.38000            0.796514E-01
         1.50000            0.748463E-01
         1.62000            0.733923E-01
         1.74000            0.694551E-01
         1.86000            0.661584E-01
         1.98000            0.755115E-01
         2.10000            0.691351E-01
         2.22000            0.777240E-01
         2.34000            0.849215E-01
         2.46000            0.826556E-01
         2.58000            0.110944    
         2.70000            0.170188    
         2.82000            0.164372    
         2.94000            0.183592    
         3.06000            0.207070    
         3.18000            0.156283    
         3.30000            0.876152E-01
         3.42000            0.518667E-01
         3.54000            0.372904E-01
         3.66000            0.265689E-01
         3.78000            0.173513E-01
         3.90000            0.146971E-01
         4.02000            0.875543E-02
         4.14000            0.359290E-02
         4.26000            0.294954E-02
         4.38000            0.342788E-02
         4.50000            0.169312E-02
         4.62000            0.130601E-02
         4.74000            0.794757E-03
         4.86000            0.307603E-04
         4.98000            0.105347E-03
         5.10000            0.116931E-03
         5.22000            0.100000E-19
         5.34000            0.100000E-19
         5.46000            0.100000E-19
         5.58000            0.100000E-19
         5.70000            0.100000E-19
         5.82000            0.100000E-19
         5.94000            0.100000E-19
e

 #          46 : dS/r1
set title "dS/r1"
plot "-" 
        0.250000E-01        0.430439    
        0.750000E-01        0.392283    
        0.125000            0.431178    
        0.175000            0.397611    
        0.225000            0.431135    
        0.275000            0.429837    
        0.325000            0.431405    
        0.375000            0.428337    
        0.425000            0.426850    
        0.475000            0.432354    
        0.525000             1.95382    
        0.575000            0.410311E-03
        0.625000            0.516417E-07
        0.675000            0.146388E-07
        0.725000            0.100000E-19
        0.775000            0.100000E-19
        0.825000            0.100000E-19
        0.875000            0.100000E-19
        0.925000            0.100000E-19
        0.975000            0.100000E-19
e

 #          47 : dS/r2
set title "dS/r2"
plot "-" 
        0.250000E-01         3.13566    
        0.750000E-01        0.262946    
        0.125000            0.219934    
        0.175000            0.190402    
        0.225000            0.170842    
        0.275000            0.172773    
        0.325000            0.160576    
        0.375000            0.162855    
        0.425000            0.166134    
        0.475000            0.189872    
        0.525000            0.170969    
        0.575000            0.152833    
        0.625000            0.152415    
        0.675000            0.146287    
        0.725000            0.150537    
        0.775000            0.146039    
        0.825000            0.131691    
        0.875000            0.126629    
        0.925000            0.957630E-01
        0.975000            0.804990E-01
e

 #          48 : dS/r3
set title "dS/r3"
plot "-" 
        0.250000E-01         3.10592    
        0.750000E-01        0.278823    
        0.125000            0.222569    
        0.175000            0.190531    
        0.225000            0.187246    
        0.275000            0.180039    
        0.325000            0.161831    
        0.375000            0.173734    
        0.425000            0.163752    
        0.475000            0.158997    
        0.525000            0.159043    
        0.575000            0.149825    
        0.625000            0.148094    
        0.675000            0.148210    
        0.725000            0.150833    
        0.775000            0.148100    
        0.825000            0.135222    
        0.875000            0.134898    
        0.925000            0.110192    
        0.975000            0.777914E-01
e

 #          49 : dS/r4
set title "dS/r4"
plot "-" 
        0.250000E-01        0.100000E-19
        0.750000E-01        0.158555E-05
        0.125000            0.102966E-03
        0.175000            0.189324E-02
        0.225000            0.279864E-01
        0.275000            0.111987    
        0.325000            0.413849    
        0.375000            0.681101    
        0.425000            0.862497    
        0.475000            0.998008    
        0.525000            0.971185    
        0.575000            0.885868    
        0.625000            0.678616    
        0.675000            0.401869    
        0.725000            0.131809    
        0.775000            0.174678E-01
        0.825000            0.104023E-02
        0.875000            0.374604E-03
        0.925000            0.100000E-19
        0.975000            0.100000E-19
e

 #          91 : dS/dpTl1 (fb)
set title "dS/dpTl1 (fb)"
plot "-" 
         5.00000            0.100000E-19
         15.0000            0.992771E-02
         25.0000            0.453136E-02
         35.0000            0.484150E-02
         45.0000            0.438534E-02
         55.0000            0.137612E-02
         65.0000            0.742820E-03
         75.0000            0.710087E-03
         85.0000            0.570102E-03
         95.0000            0.608480E-03
         105.000            0.483385E-03
         115.000            0.384583E-03
         125.000            0.370982E-03
         135.000            0.326962E-03
         145.000            0.285889E-03
         155.000            0.244574E-03
         165.000            0.194198E-03
         175.000            0.146236E-03
         185.000            0.159070E-03
         195.000            0.985385E-04
         205.000            0.978914E-04
         215.000            0.910045E-04
         225.000            0.571763E-04
         235.000            0.518387E-04
         245.000            0.378956E-04
         255.000            0.262332E-04
         265.000            0.340556E-04
         275.000            0.242846E-04
         285.000            0.236030E-04
         295.000            0.166220E-04
         305.000            0.120172E-04
         315.000            0.164432E-04
         325.000            0.876498E-05
         335.000            0.901046E-05
         345.000            0.805263E-05
         355.000            0.909545E-05
         365.000            0.290839E-05
         375.000            0.189282E-05
         385.000            0.316986E-05
         395.000            0.134772E-05
         405.000            0.128895E-05
         415.000            0.948023E-06
         425.000            0.131576E-05
         435.000            0.290091E-06
         445.000            0.413947E-06
         455.000            0.938140E-06
         465.000            0.238514E-06
         475.000            0.320641E-07
         485.000            0.938552E-06
         495.000            0.139782E-06
e

 #          92 : dS/dpTl2 (fb)
set title "dS/dpTl2 (fb)"
plot "-" 
         5.00000            0.100000E-19
         15.0000            0.100436E-01
         25.0000            0.458303E-02
         35.0000            0.470699E-02
         45.0000            0.426763E-02
         55.0000            0.154060E-02
         65.0000            0.700995E-03
         75.0000            0.651634E-03
         85.0000            0.637777E-03
         95.0000            0.590501E-03
         105.000            0.482303E-03
         115.000            0.419983E-03
         125.000            0.355160E-03
         135.000            0.291363E-03
         145.000            0.274166E-03
         155.000            0.252310E-03
         165.000            0.215753E-03
         175.000            0.157270E-03
         185.000            0.130263E-03
         195.000            0.110941E-03
         205.000            0.863047E-04
         215.000            0.725667E-04
         225.000            0.760200E-04
         235.000            0.525362E-04
         245.000            0.421028E-04
         255.000            0.276117E-04
         265.000            0.251960E-04
         275.000            0.238264E-04
         285.000            0.208730E-04
         295.000            0.166682E-04
         305.000            0.130685E-04
         315.000            0.937373E-05
         325.000            0.871971E-05
         335.000            0.101462E-04
         345.000            0.818023E-05
         355.000            0.552971E-05
         365.000            0.218244E-05
         375.000            0.210107E-05
         385.000            0.173711E-05
         395.000            0.118249E-05
         405.000            0.170314E-05
         415.000            0.134247E-05
         425.000            0.746838E-06
         435.000            0.166344E-06
         445.000            0.398712E-05
         455.000            0.134537E-06
         465.000            0.115802E-05
         475.000            0.716541E-07
         485.000            0.383314E-06
         495.000            0.117620E-07
e

 #          93 : dS/dpTl3 (fb)
set title "dS/dpTl3 (fb)"
plot "-" 
         5.00000            0.100000E-19
         15.0000            0.945245E-02
         25.0000            0.446072E-02
         35.0000            0.521055E-02
         45.0000            0.459009E-02
         55.0000            0.145173E-02
         65.0000            0.707848E-03
         75.0000            0.664591E-03
         85.0000            0.661752E-03
         95.0000            0.508178E-03
         105.000            0.492121E-03
         115.000            0.405345E-03
         125.000            0.387930E-03
         135.000            0.309264E-03
         145.000            0.274690E-03
         155.000            0.221491E-03
         165.000            0.193670E-03
         175.000            0.147207E-03
         185.000            0.121690E-03
         195.000            0.121311E-03
         205.000            0.113781E-03
         215.000            0.669277E-04
         225.000            0.558800E-04
         235.000            0.402574E-04
         245.000            0.650627E-04
         255.000            0.387893E-04
         265.000            0.287931E-04
         275.000            0.231965E-04
         285.000            0.168400E-04
         295.000            0.141987E-04
         305.000            0.133560E-04
         315.000            0.139875E-04
         325.000            0.143461E-04
         335.000            0.937311E-05
         345.000            0.622531E-05
         355.000            0.815102E-05
         365.000            0.281253E-05
         375.000            0.332390E-05
         385.000            0.235716E-05
         395.000            0.108452E-05
         405.000            0.116118E-05
         415.000            0.656455E-06
         425.000            0.288497E-06
         435.000            0.279551E-06
         445.000            0.345906E-05
         455.000            0.553108E-06
         465.000            0.888010E-07
         475.000            0.994950E-07
         485.000            0.329530E-07
         495.000            0.351557E-07
e

 #          94 : dS/dpTl4 (fb)
set title "dS/dpTl4 (fb)"
plot "-" 
         5.00000            0.100000E-19
         15.0000            0.934174E-02
         25.0000            0.464164E-02
         35.0000            0.486022E-02
         45.0000            0.441609E-02
         55.0000            0.176866E-02
         65.0000            0.723819E-03
         75.0000            0.693949E-03
         85.0000            0.645081E-03
         95.0000            0.530494E-03
         105.000            0.483207E-03
         115.000            0.421053E-03
         125.000            0.377526E-03
         135.000            0.357815E-03
         145.000            0.272476E-03
         155.000            0.265926E-03
         165.000            0.191196E-03
         175.000            0.170871E-03
         185.000            0.142131E-03
         195.000            0.105549E-03
         205.000            0.101523E-03
         215.000            0.729615E-04
         225.000            0.580718E-04
         235.000            0.510734E-04
         245.000            0.367346E-04
         255.000            0.336156E-04
         265.000            0.255303E-04
         275.000            0.257141E-04
         285.000            0.208664E-04
         295.000            0.122235E-04
         305.000            0.183248E-04
         315.000            0.114556E-04
         325.000            0.108482E-04
         335.000            0.660866E-05
         345.000            0.610311E-05
         355.000            0.582404E-05
         365.000            0.358223E-05
         375.000            0.579617E-05
         385.000            0.212759E-05
         395.000            0.180345E-05
         405.000            0.168208E-05
         415.000            0.973536E-06
         425.000            0.658731E-06
         435.000            0.773228E-06
         445.000            0.100104E-05
         455.000            0.672277E-06
         465.000            0.470557E-07
         475.000            0.133548E-07
         485.000            0.743492E-06
         495.000            0.100000E-19
e

 #          95 : dS/costh1 (fb)
set title "dS/costh1 (fb)"
plot "-" 
        0.500000E-01        0.510151    
        0.150000            0.451934    
        0.250000            0.440266    
        0.350000            0.368336    
        0.450000            0.338602    
        0.550000            0.287508    
        0.650000            0.240944    
        0.750000            0.192900    
        0.850000            0.150162    
        0.950000            0.112025    
e

 #          96 : dS/costh2 (fb)
set title "dS/costh2 (fb)"
plot "-" 
        0.500000E-01        0.461511    
        0.150000            0.452715    
        0.250000            0.417873    
        0.350000            0.388516    
        0.450000            0.354194    
        0.550000            0.320264    
        0.650000            0.245931    
        0.750000            0.196492    
        0.850000            0.149531    
        0.950000            0.105801    
e

 #          97 : dS/costhstar (fb)
set title "dS/costhstar (fb)"
plot "-" 
        0.500000E-01        0.346503    
        0.150000            0.343678    
        0.250000            0.369062    
        0.350000            0.333189    
        0.450000            0.361182    
        0.550000            0.302776    
        0.650000            0.293061    
        0.750000            0.258611    
        0.850000            0.240189    
        0.950000            0.244578    
e

 #          98 : dS/cosphitilde (fb)
set title "dS/cosphitilde (fb)"
plot "-" 
        0.500000E-01        0.321953    
        0.150000            0.278087    
        0.250000            0.262751    
        0.350000            0.287662    
        0.450000            0.260319    
        0.550000            0.271877    
        0.650000            0.269486    
        0.750000            0.267612    
        0.850000            0.292141    
        0.950000            0.580941    
e

 #          99 : dS/cosphi (fb)
set title "dS/cosphi (fb)"
plot "-" 
        0.500000E-01        0.367701    
        0.150000            0.333075    
        0.250000            0.355880    
        0.350000            0.327601    
        0.450000            0.326965    
        0.550000            0.317868    
        0.650000            0.308886    
        0.750000            0.277913    
        0.850000            0.256439    
        0.950000            0.220499    
e

 #         100 : dS/costhstar2 (fb)
set title "dS/costhstar2 (fb)"
plot "-" 
        0.500000E-01        0.293751    
        0.150000            0.306148    
        0.250000            0.291271    
        0.350000            0.292923    
        0.450000            0.298232    
        0.550000            0.326307    
        0.650000            0.339338    
        0.750000            0.402003    
        0.850000            0.460092    
        0.950000            0.945224    
e

 #         105 : dS/dmZZ (fb/GeV)
set title "dS/dmZZ (fb/GeV)"
plot "-" 
         10.0000            0.100000E-19
         30.0000            0.100000E-19
         50.0000            0.100000E-19
         70.0000            0.100000E-19
         90.0000            0.100000E-19
         110.000            0.100000E-19
         130.000            0.109084E-01
         150.000            0.639560E-05
         170.000            0.134654E-04
         190.000            0.117923E-03
         210.000            0.155517E-03
         230.000            0.162539E-03
         250.000            0.162044E-03
         270.000            0.170638E-03
         290.000            0.171799E-03
         310.000            0.175630E-03
         330.000            0.201221E-03
         350.000            0.230843E-03
         370.000            0.264758E-03
         390.000            0.250328E-03
         410.000            0.258328E-03
         430.000            0.236182E-03
         450.000            0.203110E-03
         470.000            0.178231E-03
         490.000            0.165157E-03
         510.000            0.172849E-03
         530.000            0.129137E-03
         550.000            0.117955E-03
         570.000            0.119847E-03
         590.000            0.105282E-03
         610.000            0.966546E-04
         630.000            0.793883E-04
         650.000            0.758528E-04
         670.000            0.591123E-04
         690.000            0.490304E-04
         710.000            0.664040E-04
         730.000            0.387702E-04
         750.000            0.388267E-04
         770.000            0.274382E-04
         790.000            0.314592E-04
         810.000            0.230138E-04
         830.000            0.271051E-04
         850.000            0.263711E-04
         870.000            0.188687E-04
         890.000            0.186288E-04
         910.000            0.148896E-04
         930.000            0.118335E-04
         950.000            0.127789E-04
         970.000            0.978594E-05
         990.000            0.598831E-05
e

 #         106 : dS/dmTZLm (fb/GeV)
set title "dS/dmTZLm (fb/GeV)"
plot "-" 
         10.0000            0.119899E-02
         30.0000            0.365863E-02
         50.0000            0.134939E-02
         70.0000            0.123926E-02
         90.0000            0.785405E-02
         110.000            0.132861E-03
         130.000            0.179423E-04
         150.000            0.675269E-05
         170.000            0.234504E-05
         190.000            0.110567E-05
         210.000            0.792541E-06
         230.000            0.861874E-06
         250.000            0.665257E-06
         270.000            0.253904E-06
         290.000            0.136865E-06
         310.000            0.531082E-07
         330.000            0.100000E-19
         350.000            0.100000E-19
         370.000            0.914973E-09
         390.000            0.264865E-07
         410.000            0.100000E-19
         430.000            0.103102E-07
         450.000            0.100000E-19
         470.000            0.100000E-19
         490.000            0.100000E-19
         510.000            0.100000E-19
         530.000            0.100000E-19
         550.000            0.100000E-19
         570.000            0.100000E-19
         590.000            0.100000E-19
         610.000            0.100000E-19
         630.000            0.100000E-19
         650.000            0.100000E-19
         670.000            0.100000E-19
         690.000            0.100000E-19
         710.000            0.100000E-19
         730.000            0.100000E-19
         750.000            0.100000E-19
         770.000            0.100000E-19
         790.000            0.100000E-19
         810.000            0.100000E-19
         830.000            0.100000E-19
         850.000            0.100000E-19
         870.000            0.100000E-19
         890.000            0.100000E-19
         910.000            0.100000E-19
         930.000            0.159579E-10
         950.000            0.100000E-19
         970.000            0.100000E-19
         990.000            0.100000E-19
e

 #         107 : dS/dmlll (fb/GeV)
set title "dS/dmlll (fb/GeV)"
plot "-" 
         10.0000            0.967355E-03
         30.0000            0.355112E-02
         50.0000            0.140020E-02
         70.0000            0.122562E-02
         90.0000            0.815367E-02
         110.000            0.129878E-03
         130.000            0.221213E-04
         150.000            0.629781E-05
         170.000            0.362077E-05
         190.000            0.177492E-05
         210.000            0.527392E-06
         230.000            0.264046E-06
         250.000            0.151046E-06
         270.000            0.850538E-06
         290.000            0.198434E-06
         310.000            0.210204E-07
         330.000            0.363747E-07
         350.000            0.226835E-06
         370.000            0.123336E-06
         390.000            0.882861E-07
         410.000            0.100000E-19
         430.000            0.100000E-19
         450.000            0.100000E-19
         470.000            0.100000E-19
         490.000            0.100000E-19
         510.000            0.100000E-19
         530.000            0.100000E-19
         550.000            0.100000E-19
         570.000            0.100000E-19
         590.000            0.100000E-19
         610.000            0.100000E-19
         630.000            0.100000E-19
         650.000            0.100000E-19
         670.000            0.100000E-19
         690.000            0.100000E-19
         710.000            0.100000E-19
         730.000            0.100000E-19
         750.000            0.100000E-19
         770.000            0.100000E-19
         790.000            0.100000E-19
         810.000            0.100000E-19
         830.000            0.536421E-11
         850.000            0.100000E-19
         870.000            0.100000E-19
         890.000            0.100000E-19
         910.000            0.100000E-19
         930.000            0.100000E-19
         950.000            0.100000E-19
         970.000            0.100000E-19
         990.000            0.100000E-19
e

 #          10 : d2S/dcthetastar mzz
set view map
set size 3.9/5.0,3.4/3.0
unset surface
set style data pm3d
set style function pm3d
set pm3d implicit at b
set title "d2S/dcthetastar mzz"
set xlabel "cthetas"
set ylabel "mzz"
set palette rgbformulae 30,31,32 negative
splot "-" 
        0.500000E-01         25.0000             0.00000    
        0.500000E-01         75.0000             0.00000    
        0.500000E-01         125.000             0.00000    
        0.500000E-01         175.000            0.599505E-03
        0.500000E-01         225.000            0.635446E-05
        0.500000E-01         275.000            0.185398E-04
        0.500000E-01         325.000            0.240478E-04
        0.500000E-01         375.000            0.255403E-04
        0.500000E-01         425.000            0.402463E-04
        0.500000E-01         475.000            0.371060E-04
        0.500000E-01         525.000            0.407963E-04
        0.500000E-01         575.000            0.207942E-04
        0.500000E-01         625.000            0.156698E-04
        0.500000E-01         675.000            0.105565E-04
        0.500000E-01         725.000            0.689603E-05
        0.500000E-01         775.000            0.674389E-05
        0.500000E-01         825.000            0.536487E-05
        0.500000E-01         875.000            0.350935E-05
        0.500000E-01         925.000            0.168804E-05
        0.500000E-01         975.000            0.120491E-05
 
        0.150000             25.0000             0.00000    
        0.150000             75.0000             0.00000    
        0.150000             125.000             0.00000    
        0.150000             175.000            0.416685E-02
        0.150000             225.000            0.480977E-04
        0.150000             275.000            0.158726E-03
        0.150000             325.000            0.183752E-03
        0.150000             375.000            0.215001E-03
        0.150000             425.000            0.280623E-03
        0.150000             475.000            0.227508E-03
        0.150000             525.000            0.187658E-03
        0.150000             575.000            0.148508E-03
        0.150000             625.000            0.134376E-03
        0.150000             675.000            0.875927E-04
        0.150000             725.000            0.592865E-04
        0.150000             775.000            0.519705E-04
        0.150000             825.000            0.307455E-04
        0.150000             875.000            0.266524E-04
        0.150000             925.000            0.160744E-04
        0.150000             975.000            0.741218E-05
 
        0.250000             25.0000             0.00000    
        0.250000             75.0000             0.00000    
        0.250000             125.000             0.00000    
        0.250000             175.000            0.484013E-02
        0.250000             225.000            0.605532E-04
        0.250000             275.000            0.179226E-03
        0.250000             325.000            0.214468E-03
        0.250000             375.000            0.243827E-03
        0.250000             425.000            0.300700E-03
        0.250000             475.000            0.276789E-03
        0.250000             525.000            0.194363E-03
        0.250000             575.000            0.161802E-03
        0.250000             625.000            0.133455E-03
        0.250000             675.000            0.972816E-04
        0.250000             725.000            0.734144E-04
        0.250000             775.000            0.796941E-04
        0.250000             825.000            0.310110E-04
        0.250000             875.000            0.284840E-04
        0.250000             925.000            0.156351E-04
        0.250000             975.000            0.128247E-04
 
        0.350000             25.0000             0.00000    
        0.350000             75.0000             0.00000    
        0.350000             125.000             0.00000    
        0.350000             175.000            0.506773E-02
        0.350000             225.000            0.599480E-04
        0.350000             275.000            0.158766E-03
        0.350000             325.000            0.191905E-03
        0.350000             375.000            0.251506E-03
        0.350000             425.000            0.293490E-03
        0.350000             475.000            0.279516E-03
        0.350000             525.000            0.207483E-03
        0.350000             575.000            0.174112E-03
        0.350000             625.000            0.126661E-03
        0.350000             675.000            0.106610E-03
        0.350000             725.000            0.616201E-04
        0.350000             775.000            0.584138E-04
        0.350000             825.000            0.389130E-04
        0.350000             875.000            0.334548E-04
        0.350000             925.000            0.191753E-04
        0.350000             975.000            0.151651E-04
 
        0.450000             25.0000             0.00000    
        0.450000             75.0000             0.00000    
        0.450000             125.000             0.00000    
        0.450000             175.000            0.512015E-02
        0.450000             225.000            0.576258E-04
        0.450000             275.000            0.162328E-03
        0.450000             325.000            0.194280E-03
        0.450000             375.000            0.229112E-03
        0.450000             425.000            0.289205E-03
        0.450000             475.000            0.249781E-03
        0.450000             525.000            0.210955E-03
        0.450000             575.000            0.169188E-03
        0.450000             625.000            0.124906E-03
        0.450000             675.000            0.105655E-03
        0.450000             725.000            0.739647E-04
        0.450000             775.000            0.529434E-04
        0.450000             825.000            0.354561E-04
        0.450000             875.000            0.271951E-04
        0.450000             925.000            0.196957E-04
        0.450000             975.000            0.139231E-04
 
        0.550000             25.0000             0.00000    
        0.550000             75.0000             0.00000    
        0.550000             125.000             0.00000    
        0.550000             175.000            0.487038E-02
        0.550000             225.000            0.603428E-04
        0.550000             275.000            0.180138E-03
        0.550000             325.000            0.167959E-03
        0.550000             375.000            0.196018E-03
        0.550000             425.000            0.263678E-03
        0.550000             475.000            0.288319E-03
        0.550000             525.000            0.206067E-03
        0.550000             575.000            0.171624E-03
        0.550000             625.000            0.125379E-03
        0.550000             675.000            0.105360E-03
        0.550000             725.000            0.825084E-04
        0.550000             775.000            0.436985E-04
        0.550000             825.000            0.279980E-04
        0.550000             875.000            0.255243E-04
        0.550000             925.000            0.302963E-04
        0.550000             975.000            0.177708E-04
 
        0.650000             25.0000             0.00000    
        0.650000             75.0000             0.00000    
        0.650000             125.000             0.00000    
        0.650000             175.000            0.416946E-02
        0.650000             225.000            0.515340E-04
        0.650000             275.000            0.158212E-03
        0.650000             325.000            0.164728E-03
        0.650000             375.000            0.200801E-03
        0.650000             425.000            0.260727E-03
        0.650000             475.000            0.256204E-03
        0.650000             525.000            0.205360E-03
        0.650000             575.000            0.159426E-03
        0.650000             625.000            0.122795E-03
        0.650000             675.000            0.998153E-04
        0.650000             725.000            0.609006E-04
        0.650000             775.000            0.395758E-04
        0.650000             825.000            0.317565E-04
        0.650000             875.000            0.281036E-04
        0.650000             925.000            0.270146E-04
        0.650000             975.000            0.166726E-04
 
        0.750000             25.0000             0.00000    
        0.750000             75.0000             0.00000    
        0.750000             125.000             0.00000    
        0.750000             175.000            0.396033E-02
        0.750000             225.000            0.491324E-04
        0.750000             275.000            0.154240E-03
        0.750000             325.000            0.141787E-03
        0.750000             375.000            0.175500E-03
        0.750000             425.000            0.225773E-03
        0.750000             475.000            0.243179E-03
        0.750000             525.000            0.184201E-03
        0.750000             575.000            0.129604E-03
        0.750000             625.000            0.117823E-03
        0.750000             675.000            0.803583E-04
        0.750000             725.000            0.682664E-04
        0.750000             775.000            0.441285E-04
        0.750000             825.000            0.303819E-04
        0.750000             875.000            0.320790E-04
        0.750000             925.000            0.246368E-04
        0.750000             975.000            0.162465E-04
 
        0.850000             25.0000             0.00000    
        0.850000             75.0000             0.00000    
        0.850000             125.000             0.00000    
        0.850000             175.000            0.363336E-02
        0.850000             225.000            0.591678E-04
        0.850000             275.000            0.161627E-03
        0.850000             325.000            0.151283E-03
        0.850000             375.000            0.155776E-03
        0.850000             425.000            0.197976E-03
        0.850000             475.000            0.196354E-03
        0.850000             525.000            0.150283E-03
        0.850000             575.000            0.124240E-03
        0.850000             625.000            0.106482E-03
        0.850000             675.000            0.711437E-04
        0.850000             725.000            0.611962E-04
        0.850000             775.000            0.385950E-04
        0.850000             825.000            0.294555E-04
        0.850000             875.000            0.249949E-04
        0.850000             925.000            0.219095E-04
        0.850000             975.000            0.155592E-04
 
        0.950000             25.0000             0.00000    
        0.950000             75.0000             0.00000    
        0.950000             125.000             0.00000    
        0.950000             175.000            0.341972E-02
        0.950000             225.000            0.585117E-04
        0.950000             275.000            0.126652E-03
        0.950000             325.000            0.131900E-03
        0.950000             375.000            0.148688E-03
        0.950000             425.000            0.206630E-03
        0.950000             475.000            0.175066E-03
        0.950000             525.000            0.124732E-03
        0.950000             575.000            0.102991E-03
        0.950000             625.000            0.815035E-04
        0.950000             675.000            0.549757E-04
        0.950000             725.000            0.450297E-04
        0.950000             775.000            0.343773E-04
        0.950000             825.000            0.296544E-04
        0.950000             875.000            0.193546E-04
        0.950000             925.000            0.181170E-04
        0.950000             975.000            0.138392E-04
 
e
