set output "bsm.1.ps"
set terminal postscript color
set style data histeps
set key off

 #          39 : dS/deta_l (fb)
set title "dS/deta_l (fb)"
plot "-" 
        -4.90000            0.100000E-19
        -4.70000            0.100000E-19
        -4.50000            0.100000E-19
        -4.30000            0.100000E-19
        -4.10000            0.100000E-19
        -3.90000            0.100000E-19
        -3.70000            0.100000E-19
        -3.50000            0.100000E-19
        -3.30000            0.100000E-19
        -3.10000            0.100000E-19
        -2.90000            0.100000E-19
        -2.70000            0.100000E-19
        -2.50000            0.867917E-02
        -2.30000            0.242202E-01
        -2.10000            0.286701E-01
        -1.90000            0.330746E-01
        -1.70000            0.431875E-01
        -1.50000            0.495413E-01
        -1.30000            0.611122E-01
        -1.10000            0.665516E-01
       -0.900000            0.801854E-01
       -0.700000            0.841663E-01
       -0.500000            0.865918E-01
       -0.300000            0.952569E-01
       -0.100000            0.903808E-01
        0.100000            0.897640E-01
        0.300000            0.871056E-01
        0.500000            0.896931E-01
        0.700000            0.820946E-01
        0.900000            0.768838E-01
         1.10000            0.673389E-01
         1.30000            0.646077E-01
         1.50000            0.471220E-01
         1.70000            0.458130E-01
         1.90000            0.375000E-01
         2.10000            0.280306E-01
         2.30000            0.221334E-01
         2.50000            0.657095E-02
         2.70000            0.100000E-19
         2.90000            0.100000E-19
         3.10000            0.100000E-19
         3.30000            0.100000E-19
         3.50000            0.100000E-19
         3.70000            0.100000E-19
         3.90000            0.100000E-19
         4.10000            0.100000E-19
         4.30000            0.100000E-19
         4.50000            0.100000E-19
         4.70000            0.100000E-19
         4.90000            0.100000E-19
e

 #          40 : dS/dR_l1l2 (fb)
set title "dS/dR_l1l2 (fb)"
plot "-" 
        0.600000E-01        0.100000E-19
        0.180000            0.100000E-19
        0.300000            0.100000E-19
        0.420000            0.205388E-01
        0.540000            0.469671E-01
        0.660000            0.704263E-01
        0.780000            0.828690E-01
        0.900000            0.873713E-01
         1.02000            0.955165E-01
         1.14000            0.911172E-01
         1.26000            0.834278E-01
         1.38000            0.787683E-01
         1.50000            0.747816E-01
         1.62000            0.710997E-01
         1.74000            0.683261E-01
         1.86000            0.691446E-01
         1.98000            0.728158E-01
         2.10000            0.693726E-01
         2.22000            0.773163E-01
         2.34000            0.795734E-01
         2.46000            0.882669E-01
         2.58000            0.101668    
         2.70000            0.132193    
         2.82000            0.151340    
         2.94000            0.169813    
         3.06000            0.210047    
         3.18000            0.159594    
         3.30000            0.830999E-01
         3.42000            0.508475E-01
         3.54000            0.348028E-01
         3.66000            0.239127E-01
         3.78000            0.169377E-01
         3.90000            0.110230E-01
         4.02000            0.881466E-02
         4.14000            0.437725E-02
         4.26000            0.342006E-02
         4.38000            0.141936E-02
         4.50000            0.139430E-02
         4.62000            0.767563E-03
         4.74000            0.382608E-03
         4.86000            0.172399E-03
         4.98000            0.656295E-04
         5.10000            0.100000E-19
         5.22000            0.100000E-19
         5.34000            0.100000E-19
         5.46000            0.100000E-19
         5.58000            0.100000E-19
         5.70000            0.100000E-19
         5.82000            0.100000E-19
         5.94000            0.100000E-19
e

 #          41 : dS/dR_l1l3 (fb)
set title "dS/dR_l1l3 (fb)"
plot "-" 
        0.600000E-01        0.100000E-19
        0.180000            0.100000E-19
        0.300000            0.100000E-19
        0.420000            0.228003E-01
        0.540000            0.404146E-01
        0.660000            0.456482E-01
        0.780000            0.527740E-01
        0.900000            0.571656E-01
         1.02000            0.650260E-01
         1.14000            0.663701E-01
         1.26000            0.649050E-01
         1.38000            0.752592E-01
         1.50000            0.753296E-01
         1.62000            0.771564E-01
         1.74000            0.834910E-01
         1.86000            0.883742E-01
         1.98000            0.978971E-01
         2.10000            0.970604E-01
         2.22000            0.110307    
         2.34000            0.117780    
         2.46000            0.125493    
         2.58000            0.140262    
         2.70000            0.150794    
         2.82000            0.159912    
         2.94000            0.176730    
         3.06000            0.181870    
         3.18000            0.129354    
         3.30000            0.639937E-01
         3.42000            0.408817E-01
         3.54000            0.253413E-01
         3.66000            0.209661E-01
         3.78000            0.131593E-01
         3.90000            0.958541E-02
         4.02000            0.560112E-02
         4.14000            0.340570E-02
         4.26000            0.311260E-02
         4.38000            0.157814E-02
         4.50000            0.111528E-02
         4.62000            0.355053E-03
         4.74000            0.695310E-03
         4.86000            0.330485E-03
         4.98000            0.943746E-03
         5.10000            0.150419E-03
         5.22000            0.281787E-03
         5.34000            0.119750E-03
         5.46000            0.265823E-05
         5.58000            0.772977E-06
         5.70000            0.100000E-19
         5.82000            0.100000E-19
         5.94000            0.100000E-19
e

 #          42 : dS/dR_l1l4 (fb)
set title "dS/dR_l1l4 (fb)"
plot "-" 
        0.600000E-01        0.100000E-19
        0.180000            0.100000E-19
        0.300000            0.100000E-19
        0.420000            0.229546E-01
        0.540000            0.417095E-01
        0.660000            0.470710E-01
        0.780000            0.539351E-01
        0.900000            0.611769E-01
         1.02000            0.639293E-01
         1.14000            0.690389E-01
         1.26000            0.756606E-01
         1.38000            0.775603E-01
         1.50000            0.785863E-01
         1.62000            0.809510E-01
         1.74000            0.938706E-01
         1.86000            0.898159E-01
         1.98000            0.944291E-01
         2.10000            0.932691E-01
         2.22000            0.110131    
         2.34000            0.111758    
         2.46000            0.119323    
         2.58000            0.130703    
         2.70000            0.146708    
         2.82000            0.160225    
         2.94000            0.167105    
         3.06000            0.178390    
         3.18000            0.131292    
         3.30000            0.642171E-01
         3.42000            0.421004E-01
         3.54000            0.308811E-01
         3.66000            0.168695E-01
         3.78000            0.114481E-01
         3.90000            0.104140E-01
         4.02000            0.530332E-02
         4.14000            0.309698E-02
         4.26000            0.329318E-02
         4.38000            0.210269E-02
         4.50000            0.124100E-02
         4.62000            0.135639E-02
         4.74000            0.777456E-03
         4.86000            0.430264E-03
         4.98000            0.233217E-03
         5.10000            0.242621E-03
         5.22000            0.190483E-03
         5.34000            0.864495E-06
         5.46000            0.105658E-07
         5.58000            0.100000E-19
         5.70000            0.100000E-19
         5.82000            0.100000E-19
         5.94000            0.100000E-19
e

 #          43 : dS/dR_l2l3 (fb)
set title "dS/dR_l2l3 (fb)"
plot "-" 
        0.600000E-01        0.100000E-19
        0.180000            0.100000E-19
        0.300000            0.100000E-19
        0.420000            0.213312E-01
        0.540000            0.389966E-01
        0.660000            0.433769E-01
        0.780000            0.494221E-01
        0.900000            0.649810E-01
         1.02000            0.720246E-01
         1.14000            0.709473E-01
         1.26000            0.745396E-01
         1.38000            0.735714E-01
         1.50000            0.817164E-01
         1.62000            0.890258E-01
         1.74000            0.833193E-01
         1.86000            0.915106E-01
         1.98000            0.894365E-01
         2.10000            0.947162E-01
         2.22000            0.103177    
         2.34000            0.111369    
         2.46000            0.121047    
         2.58000            0.132983    
         2.70000            0.146310    
         2.82000            0.159950    
         2.94000            0.168275    
         3.06000            0.181925    
         3.18000            0.128479    
         3.30000            0.674908E-01
         3.42000            0.446923E-01
         3.54000            0.299731E-01
         3.66000            0.170914E-01
         3.78000            0.146955E-01
         3.90000            0.866722E-02
         4.02000            0.572638E-02
         4.14000            0.435102E-02
         4.26000            0.366784E-02
         4.38000            0.144704E-02
         4.50000            0.142402E-02
         4.62000            0.959833E-03
         4.74000            0.653007E-03
         4.86000            0.204809E-03
         4.98000            0.117209E-03
         5.10000            0.709548E-04
         5.22000            0.126005E-03
         5.34000            0.929404E-06
         5.46000            0.242223E-05
         5.58000            0.100000E-19
         5.70000            0.952726E-06
         5.82000            0.100000E-19
         5.94000            0.100000E-19
e

 #          44 : dS/dR_l2l4 (fb)
set title "dS/dR_l2l4 (fb)"
plot "-" 
        0.600000E-01        0.100000E-19
        0.180000            0.100000E-19
        0.300000            0.100000E-19
        0.420000            0.233433E-01
        0.540000            0.370867E-01
        0.660000            0.436608E-01
        0.780000            0.474386E-01
        0.900000            0.602411E-01
         1.02000            0.653991E-01
         1.14000            0.646208E-01
         1.26000            0.659190E-01
         1.38000            0.738588E-01
         1.50000            0.754235E-01
         1.62000            0.851777E-01
         1.74000            0.866193E-01
         1.86000            0.943358E-01
         1.98000            0.970899E-01
         2.10000            0.997930E-01
         2.22000            0.103003    
         2.34000            0.110751    
         2.46000            0.124877    
         2.58000            0.143926    
         2.70000            0.145632    
         2.82000            0.155476    
         2.94000            0.177780    
         3.06000            0.180176    
         3.18000            0.130592    
         3.30000            0.735883E-01
         3.42000            0.444572E-01
         3.54000            0.254596E-01
         3.66000            0.170831E-01
         3.78000            0.123214E-01
         3.90000            0.738237E-02
         4.02000            0.758118E-02
         4.14000            0.420734E-02
         4.26000            0.315353E-02
         4.38000            0.171591E-02
         4.50000            0.169869E-02
         4.62000            0.105450E-02
         4.74000            0.334202E-03
         4.86000            0.618259E-03
         4.98000            0.406106E-03
         5.10000            0.836793E-04
         5.22000            0.307850E-03
         5.34000            0.999536E-04
         5.46000            0.193750E-04
         5.58000            0.100000E-19
         5.70000            0.100000E-19
         5.82000            0.100000E-19
         5.94000            0.100000E-19
e

 #          45 : dS/dR_l3l4 (fb)
set title "dS/dR_l3l4 (fb)"
plot "-" 
        0.600000E-01        0.100000E-19
        0.180000            0.100000E-19
        0.300000            0.100000E-19
        0.420000            0.190213E-01
        0.540000            0.469762E-01
        0.660000            0.709463E-01
        0.780000            0.793114E-01
        0.900000            0.851195E-01
         1.02000            0.937934E-01
         1.14000            0.874173E-01
         1.26000            0.880470E-01
         1.38000            0.777498E-01
         1.50000            0.751892E-01
         1.62000            0.717536E-01
         1.74000            0.672000E-01
         1.86000            0.654655E-01
         1.98000            0.664791E-01
         2.10000            0.669039E-01
         2.22000            0.753502E-01
         2.34000            0.811044E-01
         2.46000            0.824723E-01
         2.58000            0.100268    
         2.70000            0.135776    
         2.82000            0.159809    
         2.94000            0.180727    
         3.06000            0.201101    
         3.18000            0.158864    
         3.30000            0.880520E-01
         3.42000            0.514396E-01
         3.54000            0.376428E-01
         3.66000            0.264725E-01
         3.78000            0.172064E-01
         3.90000            0.137036E-01
         4.02000            0.879067E-02
         4.14000            0.413231E-02
         4.26000            0.331247E-02
         4.38000            0.358446E-02
         4.50000            0.901727E-03
         4.62000            0.966139E-03
         4.74000            0.509149E-03
         4.86000            0.105048E-03
         4.98000            0.880930E-04
         5.10000            0.408909E-04
         5.22000            0.100000E-19
         5.34000            0.100000E-19
         5.46000            0.100000E-19
         5.58000            0.100000E-19
         5.70000            0.100000E-19
         5.82000            0.100000E-19
         5.94000            0.100000E-19
e

 #          46 : dS/r1
set title "dS/r1"
plot "-" 
        0.250000E-01        0.415362    
        0.750000E-01        0.393213    
        0.125000            0.422542    
        0.175000            0.393266    
        0.225000            0.424211    
        0.275000            0.419159    
        0.325000            0.428088    
        0.375000            0.415441    
        0.425000            0.422520    
        0.475000            0.416209    
        0.525000             1.83474    
        0.575000            0.356444E-03
        0.625000            0.730020E-07
        0.675000            0.100000E-19
        0.725000            0.100000E-19
        0.775000            0.100000E-19
        0.825000            0.100000E-19
        0.875000            0.100000E-19
        0.925000            0.100000E-19
        0.975000            0.100000E-19
e

 #          47 : dS/r2
set title "dS/r2"
plot "-" 
        0.250000E-01         2.99268    
        0.750000E-01        0.260430    
        0.125000            0.212541    
        0.175000            0.197326    
        0.225000            0.169572    
        0.275000            0.163437    
        0.325000            0.161523    
        0.375000            0.154659    
        0.425000            0.157997    
        0.475000            0.171384    
        0.525000            0.163893    
        0.575000            0.153408    
        0.625000            0.153898    
        0.675000            0.147370    
        0.725000            0.148086    
        0.775000            0.144936    
        0.825000            0.129722    
        0.875000            0.127186    
        0.925000            0.953027E-01
        0.975000            0.797548E-01
e

 #          48 : dS/r3
set title "dS/r3"
plot "-" 
        0.250000E-01         2.92261    
        0.750000E-01        0.277899    
        0.125000            0.219893    
        0.175000            0.196904    
        0.225000            0.187877    
        0.275000            0.168166    
        0.325000            0.176243    
        0.375000            0.173927    
        0.425000            0.157421    
        0.475000            0.153873    
        0.525000            0.160066    
        0.575000            0.146657    
        0.625000            0.144638    
        0.675000            0.148924    
        0.725000            0.145026    
        0.775000            0.147134    
        0.825000            0.137328    
        0.875000            0.131606    
        0.925000            0.110343    
        0.975000            0.785679E-01
e

 #          49 : dS/r4
set title "dS/r4"
plot "-" 
        0.250000E-01        0.100000E-19
        0.750000E-01        0.148610E-05
        0.125000            0.697932E-04
        0.175000            0.198130E-02
        0.225000            0.272846E-01
        0.275000            0.108900    
        0.325000            0.392254    
        0.375000            0.675166    
        0.425000            0.848728    
        0.475000            0.919125    
        0.525000            0.933242    
        0.575000            0.867033    
        0.625000            0.678436    
        0.675000            0.386444    
        0.725000            0.128342    
        0.775000            0.163342E-01
        0.825000            0.141419E-02
        0.875000            0.346871E-03
        0.925000            0.100000E-19
        0.975000            0.100000E-19
e

 #          91 : dS/dpTl1 (fb)
set title "dS/dpTl1 (fb)"
plot "-" 
         5.00000            0.100000E-19
         15.0000            0.943638E-02
         25.0000            0.435694E-02
         35.0000            0.467277E-02
         45.0000            0.424166E-02
         55.0000            0.137420E-02
         65.0000            0.728517E-03
         75.0000            0.710533E-03
         85.0000            0.588972E-03
         95.0000            0.595501E-03
         105.000            0.495639E-03
         115.000            0.374541E-03
         125.000            0.360706E-03
         135.000            0.315331E-03
         145.000            0.296720E-03
         155.000            0.244819E-03
         165.000            0.191904E-03
         175.000            0.148178E-03
         185.000            0.131352E-03
         195.000            0.117843E-03
         205.000            0.989983E-04
         215.000            0.866237E-04
         225.000            0.634005E-04
         235.000            0.555225E-04
         245.000            0.350566E-04
         255.000            0.255691E-04
         265.000            0.345711E-04
         275.000            0.214380E-04
         285.000            0.266019E-04
         295.000            0.175426E-04
         305.000            0.121439E-04
         315.000            0.164458E-04
         325.000            0.873629E-05
         335.000            0.912327E-05
         345.000            0.675696E-05
         355.000            0.468019E-05
         365.000            0.708674E-05
         375.000            0.156038E-05
         385.000            0.276387E-05
         395.000            0.150453E-05
         405.000            0.945767E-06
         415.000            0.136541E-05
         425.000            0.983365E-06
         435.000            0.757082E-06
         445.000            0.343922E-06
         455.000            0.856351E-06
         465.000            0.163064E-06
         475.000            0.674271E-07
         485.000            0.739095E-06
         495.000            0.126548E-06
e

 #          92 : dS/dpTl2 (fb)
set title "dS/dpTl2 (fb)"
plot "-" 
         5.00000            0.100000E-19
         15.0000            0.936169E-02
         25.0000            0.450424E-02
         35.0000            0.462291E-02
         45.0000            0.418707E-02
         55.0000            0.143696E-02
         65.0000            0.734921E-03
         75.0000            0.656086E-03
         85.0000            0.636338E-03
         95.0000            0.583507E-03
         105.000            0.478240E-03
         115.000            0.394689E-03
         125.000            0.374492E-03
         135.000            0.286270E-03
         145.000            0.296503E-03
         155.000            0.234175E-03
         165.000            0.205559E-03
         175.000            0.163555E-03
         185.000            0.131790E-03
         195.000            0.105671E-03
         205.000            0.921100E-04
         215.000            0.759606E-04
         225.000            0.724528E-04
         235.000            0.589865E-04
         245.000            0.372319E-04
         255.000            0.318710E-04
         265.000            0.227603E-04
         275.000            0.245191E-04
         285.000            0.254718E-04
         295.000            0.135029E-04
         305.000            0.117669E-04
         315.000            0.111205E-04
         325.000            0.853549E-05
         335.000            0.110947E-04
         345.000            0.815795E-05
         355.000            0.582145E-05
         365.000            0.267763E-05
         375.000            0.229692E-05
         385.000            0.151296E-05
         395.000            0.229701E-05
         405.000            0.216373E-05
         415.000            0.104015E-05
         425.000            0.981913E-06
         435.000            0.171759E-06
         445.000            0.374167E-05
         455.000            0.265102E-06
         465.000            0.126377E-05
         475.000            0.666959E-06
         485.000            0.694377E-07
         495.000            0.397840E-07
e

 #          93 : dS/dpTl3 (fb)
set title "dS/dpTl3 (fb)"
plot "-" 
         5.00000            0.100000E-19
         15.0000            0.919923E-02
         25.0000            0.439712E-02
         35.0000            0.471197E-02
         45.0000            0.440387E-02
         55.0000            0.143222E-02
         65.0000            0.734303E-03
         75.0000            0.670541E-03
         85.0000            0.646620E-03
         95.0000            0.509322E-03
         105.000            0.485497E-03
         115.000            0.422582E-03
         125.000            0.367408E-03
         135.000            0.304351E-03
         145.000            0.288480E-03
         155.000            0.215798E-03
         165.000            0.196370E-03
         175.000            0.152723E-03
         185.000            0.117421E-03
         195.000            0.128180E-03
         205.000            0.102767E-03
         215.000            0.702386E-04
         225.000            0.571542E-04
         235.000            0.438861E-04
         245.000            0.628057E-04
         255.000            0.410813E-04
         265.000            0.266210E-04
         275.000            0.243591E-04
         285.000            0.182442E-04
         295.000            0.126537E-04
         305.000            0.134003E-04
         315.000            0.132291E-04
         325.000            0.140651E-04
         335.000            0.801971E-05
         345.000            0.655405E-05
         355.000            0.825937E-05
         365.000            0.324765E-05
         375.000            0.405952E-05
         385.000            0.251982E-05
         395.000            0.123616E-05
         405.000            0.954588E-06
         415.000            0.586720E-06
         425.000            0.702529E-06
         435.000            0.166234E-06
         445.000            0.335733E-05
         455.000            0.826400E-06
         465.000            0.135935E-06
         475.000            0.658564E-07
         485.000            0.501232E-07
         495.000            0.390916E-07
e

 #          94 : dS/dpTl4 (fb)
set title "dS/dpTl4 (fb)"
plot "-" 
         5.00000            0.100000E-19
         15.0000            0.909409E-02
         25.0000            0.447745E-02
         35.0000            0.467395E-02
         45.0000            0.442435E-02
         55.0000            0.135422E-02
         65.0000            0.733796E-03
         75.0000            0.697285E-03
         85.0000            0.641570E-03
         95.0000            0.546368E-03
         105.000            0.453549E-03
         115.000            0.436171E-03
         125.000            0.376274E-03
         135.000            0.356337E-03
         145.000            0.277985E-03
         155.000            0.244785E-03
         165.000            0.191555E-03
         175.000            0.172928E-03
         185.000            0.140120E-03
         195.000            0.107205E-03
         205.000            0.106591E-03
         215.000            0.746598E-04
         225.000            0.611201E-04
         235.000            0.467998E-04
         245.000            0.397182E-04
         255.000            0.327175E-04
         265.000            0.232721E-04
         275.000            0.239670E-04
         285.000            0.224386E-04
         295.000            0.154829E-04
         305.000            0.175258E-04
         315.000            0.126083E-04
         325.000            0.882219E-05
         335.000            0.707616E-05
         345.000            0.640517E-05
         355.000            0.504788E-05
         365.000            0.366703E-05
         375.000            0.573013E-05
         385.000            0.206103E-05
         395.000            0.190148E-05
         405.000            0.844028E-06
         415.000            0.164591E-05
         425.000            0.853157E-06
         435.000            0.873632E-06
         445.000            0.108183E-05
         455.000            0.597230E-06
         465.000            0.463212E-07
         475.000            0.812095E-08
         485.000            0.672378E-06
         495.000            0.116180E-09
e

 #          95 : dS/costh1 (fb)
set title "dS/costh1 (fb)"
plot "-" 
        0.500000E-01        0.455023    
        0.150000            0.456364    
        0.250000            0.418343    
        0.350000            0.364863    
        0.450000            0.326238    
        0.550000            0.291716    
        0.650000            0.239747    
        0.750000            0.190960    
        0.850000            0.146432    
        0.950000            0.102866    
e

 #          96 : dS/costh2 (fb)
set title "dS/costh2 (fb)"
plot "-" 
        0.500000E-01        0.451673    
        0.150000            0.436732    
        0.250000            0.414653    
        0.350000            0.380178    
        0.450000            0.343205    
        0.550000            0.285643    
        0.650000            0.236728    
        0.750000            0.190504    
        0.850000            0.148830    
        0.950000            0.104405    
e

 #          97 : dS/costhstar (fb)
set title "dS/costhstar (fb)"
plot "-" 
        0.500000E-01        0.341515    
        0.150000            0.339640    
        0.250000            0.346496    
        0.350000            0.332331    
        0.450000            0.324199    
        0.550000            0.297454    
        0.650000            0.283229    
        0.750000            0.255250    
        0.850000            0.236189    
        0.950000            0.236249    
e

 #          98 : dS/cosphitilde (fb)
set title "dS/cosphitilde (fb)"
plot "-" 
        0.500000E-01        0.279913    
        0.150000            0.273788    
        0.250000            0.266611    
        0.350000            0.269223    
        0.450000            0.264622    
        0.550000            0.269410    
        0.650000            0.268412    
        0.750000            0.254718    
        0.850000            0.292420    
        0.950000            0.553434    
e

 #          99 : dS/cosphi (fb)
set title "dS/cosphi (fb)"
plot "-" 
        0.500000E-01        0.341970    
        0.150000            0.328285    
        0.250000            0.311266    
        0.350000            0.315188    
        0.450000            0.319402    
        0.550000            0.324222    
        0.650000            0.295590    
        0.750000            0.278762    
        0.850000            0.256903    
        0.950000            0.220963    
e

 #         100 : dS/costhstar2 (fb)
set title "dS/costhstar2 (fb)"
plot "-" 
        0.500000E-01        0.290622    
        0.150000            0.296799    
        0.250000            0.285576    
        0.350000            0.289909    
        0.450000            0.299680    
        0.550000            0.314558    
        0.650000            0.332762    
        0.750000            0.360887    
        0.850000            0.440557    
        0.950000            0.930458    
e

 #         105 : dS/dmZZ (fb/GeV)
set title "dS/dmZZ (fb/GeV)"
plot "-" 
         10.0000            0.100000E-19
         30.0000            0.100000E-19
         50.0000            0.100000E-19
         70.0000            0.100000E-19
         90.0000            0.100000E-19
         110.000            0.100000E-19
         130.000            0.104251E-01
         150.000            0.525828E-05
         170.000            0.135965E-04
         190.000            0.101627E-03
         210.000            0.162388E-03
         230.000            0.159505E-03
         250.000            0.163623E-03
         270.000            0.174803E-03
         290.000            0.167967E-03
         310.000            0.172615E-03
         330.000            0.193767E-03
         350.000            0.233679E-03
         370.000            0.263386E-03
         390.000            0.249138E-03
         410.000            0.256859E-03
         430.000            0.239778E-03
         450.000            0.212260E-03
         470.000            0.168967E-03
         490.000            0.173418E-03
         510.000            0.161553E-03
         530.000            0.138123E-03
         550.000            0.120636E-03
         570.000            0.110512E-03
         590.000            0.105716E-03
         610.000            0.951133E-04
         630.000            0.845659E-04
         650.000            0.674456E-04
         670.000            0.678648E-04
         690.000            0.459705E-04
         710.000            0.673240E-04
         730.000            0.415209E-04
         750.000            0.367454E-04
         770.000            0.313788E-04
         790.000            0.285456E-04
         810.000            0.244617E-04
         830.000            0.253438E-04
         850.000            0.248739E-04
         870.000            0.189909E-04
         890.000            0.182529E-04
         910.000            0.169663E-04
         930.000            0.113096E-04
         950.000            0.109162E-04
         970.000            0.108903E-04
         990.000            0.620188E-05
e

 #         106 : dS/dmTZLm (fb/GeV)
set title "dS/dmTZLm (fb/GeV)"
plot "-" 
         10.0000            0.979563E-03
         30.0000            0.363016E-02
         50.0000            0.124598E-02
         70.0000            0.123548E-02
         90.0000            0.771197E-02
         110.000            0.128887E-03
         130.000            0.181217E-04
         150.000            0.605112E-05
         170.000            0.160606E-05
         190.000            0.191581E-05
         210.000            0.748293E-06
         230.000            0.122112E-05
         250.000            0.604853E-06
         270.000            0.253183E-06
         290.000            0.320628E-07
         310.000            0.126496E-06
         330.000            0.100000E-19
         350.000            0.100000E-19
         370.000            0.120819E-08
         390.000            0.100000E-19
         410.000            0.239415E-07
         430.000            0.114540E-07
         450.000            0.100000E-19
         470.000            0.100000E-19
         490.000            0.100000E-19
         510.000            0.100000E-19
         530.000            0.100000E-19
         550.000            0.100000E-19
         570.000            0.100000E-19
         590.000            0.100000E-19
         610.000            0.100000E-19
         630.000            0.100000E-19
         650.000            0.100000E-19
         670.000            0.100000E-19
         690.000            0.100000E-19
         710.000            0.100000E-19
         730.000            0.100000E-19
         750.000            0.100000E-19
         770.000            0.100000E-19
         790.000            0.100000E-19
         810.000            0.100000E-19
         830.000            0.100000E-19
         850.000            0.100000E-19
         870.000            0.100000E-19
         890.000            0.100000E-19
         910.000            0.100000E-19
         930.000            0.154954E-10
         950.000            0.100000E-19
         970.000            0.100000E-19
         990.000            0.100000E-19
e

 #         107 : dS/dmlll (fb/GeV)
set title "dS/dmlll (fb/GeV)"
plot "-" 
         10.0000            0.940965E-03
         30.0000            0.343160E-02
         50.0000            0.132179E-02
         70.0000            0.119458E-02
         90.0000            0.790837E-02
         110.000            0.130524E-03
         130.000            0.218698E-04
         150.000            0.578915E-05
         170.000            0.294065E-05
         190.000            0.109530E-05
         210.000            0.139062E-05
         230.000            0.263422E-06
         250.000            0.148181E-06
         270.000            0.133784E-06
         290.000            0.652156E-06
         310.000            0.173904E-06
         330.000            0.100000E-19
         350.000            0.292711E-06
         370.000            0.100000E-19
         390.000            0.181326E-06
         410.000            0.100000E-19
         430.000            0.100000E-19
         450.000            0.100000E-19
         470.000            0.100000E-19
         490.000            0.100000E-19
         510.000            0.100000E-19
         530.000            0.100000E-19
         550.000            0.100000E-19
         570.000            0.100000E-19
         590.000            0.100000E-19
         610.000            0.100000E-19
         630.000            0.100000E-19
         650.000            0.100000E-19
         670.000            0.100000E-19
         690.000            0.100000E-19
         710.000            0.100000E-19
         730.000            0.100000E-19
         750.000            0.100000E-19
         770.000            0.100000E-19
         790.000            0.100000E-19
         810.000            0.100000E-19
         830.000            0.100000E-19
         850.000            0.433736E-11
         870.000            0.100000E-19
         890.000            0.100000E-19
         910.000            0.100000E-19
         930.000            0.100000E-19
         950.000            0.100000E-19
         970.000            0.100000E-19
         990.000            0.100000E-19
e

 #          10 : d2S/dcthetastar mzz
set view map
set size 3.9/5.0,3.4/3.0
unset surface
set style data pm3d
set style function pm3d
set pm3d implicit at b
set title "d2S/dcthetastar mzz"
set xlabel "cthetas"
set ylabel "mzz"
set palette rgbformulae 30,31,32 negative
splot "-" 
        0.500000E-01         25.0000             0.00000    
        0.500000E-01         75.0000             0.00000    
        0.500000E-01         125.000             0.00000    
        0.500000E-01         175.000            0.590366E-03
        0.500000E-01         225.000            0.597716E-05
        0.500000E-01         275.000            0.199537E-04
        0.500000E-01         325.000            0.238529E-04
        0.500000E-01         375.000            0.267478E-04
        0.500000E-01         425.000            0.417411E-04
        0.500000E-01         475.000            0.375739E-04
        0.500000E-01         525.000            0.380396E-04
        0.500000E-01         575.000            0.232724E-04
        0.500000E-01         625.000            0.164294E-04
        0.500000E-01         675.000            0.117686E-04
        0.500000E-01         725.000            0.724516E-05
        0.500000E-01         775.000            0.679255E-05
        0.500000E-01         825.000            0.497034E-05
        0.500000E-01         875.000            0.355315E-05
        0.500000E-01         925.000            0.174142E-05
        0.500000E-01         975.000            0.941305E-06
 
        0.150000             25.0000             0.00000    
        0.150000             75.0000             0.00000    
        0.150000             125.000             0.00000    
        0.150000             175.000            0.411263E-02
        0.150000             225.000            0.482351E-04
        0.150000             275.000            0.167991E-03
        0.150000             325.000            0.183946E-03
        0.150000             375.000            0.211466E-03
        0.150000             425.000            0.285122E-03
        0.150000             475.000            0.232781E-03
        0.150000             525.000            0.184210E-03
        0.150000             575.000            0.148495E-03
        0.150000             625.000            0.130854E-03
        0.150000             675.000            0.889166E-04
        0.150000             725.000            0.604731E-04
        0.150000             775.000            0.542775E-04
        0.150000             825.000            0.305207E-04
        0.150000             875.000            0.253440E-04
        0.150000             925.000            0.165967E-04
        0.150000             975.000            0.747269E-05
 
        0.250000             25.0000             0.00000    
        0.250000             75.0000             0.00000    
        0.250000             125.000             0.00000    
        0.250000             175.000            0.468263E-02
        0.250000             225.000            0.585455E-04
        0.250000             275.000            0.179804E-03
        0.250000             325.000            0.208295E-03
        0.250000             375.000            0.242275E-03
        0.250000             425.000            0.290333E-03
        0.250000             475.000            0.276592E-03
        0.250000             525.000            0.200446E-03
        0.250000             575.000            0.161943E-03
        0.250000             625.000            0.129134E-03
        0.250000             675.000            0.101458E-03
        0.250000             725.000            0.681836E-04
        0.250000             775.000            0.791729E-04
        0.250000             825.000            0.323477E-04
        0.250000             875.000            0.270510E-04
        0.250000             925.000            0.165068E-04
        0.250000             975.000            0.126936E-04
 
        0.350000             25.0000             0.00000    
        0.350000             75.0000             0.00000    
        0.350000             125.000             0.00000    
        0.350000             175.000            0.475181E-02
        0.350000             225.000            0.528963E-04
        0.350000             275.000            0.147555E-03
        0.350000             325.000            0.193996E-03
        0.350000             375.000            0.255944E-03
        0.350000             425.000            0.300388E-03
        0.350000             475.000            0.287108E-03
        0.350000             525.000            0.203638E-03
        0.350000             575.000            0.173140E-03
        0.350000             625.000            0.128304E-03
        0.350000             675.000            0.108615E-03
        0.350000             725.000            0.636452E-04
        0.350000             775.000            0.593904E-04
        0.350000             825.000            0.391988E-04
        0.350000             875.000            0.337936E-04
        0.350000             925.000            0.203572E-04
        0.350000             975.000            0.143001E-04
 
        0.450000             25.0000             0.00000    
        0.450000             75.0000             0.00000    
        0.450000             125.000             0.00000    
        0.450000             175.000            0.467406E-02
        0.450000             225.000            0.584221E-04
        0.450000             275.000            0.157564E-03
        0.450000             325.000            0.191689E-03
        0.450000             375.000            0.228470E-03
        0.450000             425.000            0.296052E-03
        0.450000             475.000            0.254275E-03
        0.450000             525.000            0.207484E-03
        0.450000             575.000            0.173011E-03
        0.450000             625.000            0.121778E-03
        0.450000             675.000            0.102308E-03
        0.450000             725.000            0.760867E-04
        0.450000             775.000            0.537881E-04
        0.450000             825.000            0.370569E-04
        0.450000             875.000            0.259417E-04
        0.450000             925.000            0.191472E-04
        0.450000             975.000            0.132754E-04
 
        0.550000             25.0000             0.00000    
        0.550000             75.0000             0.00000    
        0.550000             125.000             0.00000    
        0.550000             175.000            0.444536E-02
        0.550000             225.000            0.526665E-04
        0.550000             275.000            0.179592E-03
        0.550000             325.000            0.167497E-03
        0.550000             375.000            0.192251E-03
        0.550000             425.000            0.262290E-03
        0.550000             475.000            0.287442E-03
        0.550000             525.000            0.207886E-03
        0.550000             575.000            0.176160E-03
        0.550000             625.000            0.121264E-03
        0.550000             675.000            0.101494E-03
        0.550000             725.000            0.846479E-04
        0.550000             775.000            0.457018E-04
        0.550000             825.000            0.292664E-04
        0.550000             875.000            0.250092E-04
        0.550000             925.000            0.294531E-04
        0.550000             975.000            0.188601E-04
 
        0.650000             25.0000             0.00000    
        0.650000             75.0000             0.00000    
        0.650000             125.000             0.00000    
        0.650000             175.000            0.405050E-02
        0.650000             225.000            0.481086E-04
        0.650000             275.000            0.160697E-03
        0.650000             325.000            0.161476E-03
        0.650000             375.000            0.198384E-03
        0.650000             425.000            0.257448E-03
        0.650000             475.000            0.262241E-03
        0.650000             525.000            0.203154E-03
        0.650000             575.000            0.160592E-03
        0.650000             625.000            0.116414E-03
        0.650000             675.000            0.999089E-04
        0.650000             725.000            0.624611E-04
        0.650000             775.000            0.406467E-04
        0.650000             825.000            0.309306E-04
        0.650000             875.000            0.278987E-04
        0.650000             925.000            0.265002E-04
        0.650000             975.000            0.176372E-04
 
        0.750000             25.0000             0.00000    
        0.750000             75.0000             0.00000    
        0.750000             125.000             0.00000    
        0.750000             175.000            0.382727E-02
        0.750000             225.000            0.549918E-04
        0.750000             275.000            0.155445E-03
        0.750000             325.000            0.143783E-03
        0.750000             375.000            0.172054E-03
        0.750000             425.000            0.233219E-03
        0.750000             475.000            0.229307E-03
        0.750000             525.000            0.186324E-03
        0.750000             575.000            0.131165E-03
        0.750000             625.000            0.115096E-03
        0.750000             675.000            0.804196E-04
        0.750000             725.000            0.681351E-04
        0.750000             775.000            0.460032E-04
        0.750000             825.000            0.308048E-04
        0.750000             875.000            0.303862E-04
        0.750000             925.000            0.245404E-04
        0.750000             975.000            0.160363E-04
 
        0.850000             25.0000             0.00000    
        0.850000             75.0000             0.00000    
        0.850000             125.000             0.00000    
        0.850000             175.000            0.356035E-02
        0.850000             225.000            0.605304E-04
        0.850000             275.000            0.161654E-03
        0.850000             325.000            0.154911E-03
        0.850000             375.000            0.146240E-03
        0.850000             425.000            0.206006E-03
        0.850000             475.000            0.187543E-03
        0.850000             525.000            0.151451E-03
        0.850000             575.000            0.120723E-03
        0.850000             625.000            0.105735E-03
        0.850000             675.000            0.714236E-04
        0.850000             725.000            0.621975E-04
        0.850000             775.000            0.397104E-04
        0.850000             825.000            0.309822E-04
        0.850000             875.000            0.240293E-04
        0.850000             925.000            0.212484E-04
        0.850000             975.000            0.158771E-04
 
        0.950000             25.0000             0.00000    
        0.950000             75.0000             0.00000    
        0.950000             125.000             0.00000    
        0.950000             175.000            0.332895E-02
        0.950000             225.000            0.494472E-04
        0.950000             275.000            0.125464E-03
        0.950000             325.000            0.137035E-03
        0.950000             375.000            0.143714E-03
        0.950000             425.000            0.200182E-03
        0.950000             475.000            0.178879E-03
        0.950000             525.000            0.122551E-03
        0.950000             575.000            0.106017E-03
        0.950000             625.000            0.753321E-04
        0.950000             675.000            0.577367E-04
        0.950000             725.000            0.439664E-04
        0.950000             775.000            0.351085E-04
        0.950000             825.000            0.299830E-04
        0.950000             875.000            0.194490E-04
        0.950000             925.000            0.168670E-04
        0.950000             975.000            0.138160E-04
 
e
